pub{ 0 0 0 20 3 840064 10 39316 18 435557 11 60 15 403884 19 782050 0 14961 4 294834 17 621400 9 191652 8 588430 1 690902 7 388274 12 635558 2 989038 6 117500 16 757969 5 53774 14 245342 13 248303 }
pub{ 0 0 1 20 13 423923 8 407088 12 686782 14 813041 9 299509 3 150720 19 519781 17 367400 7 56383 1 302115 15 664535 18 649113 6 408345 4 850141 2 359155 11 449541 0 655166 16 681482 5 602387 10 524298 }
pub{ 0 0 2 20 11 996715 15 614283 16 647034 14 386920 12 625873 18 71221 4 79240 19 301997 10 144522 1 179905 6 828264 17 576979 7 730112 0 9697 8 690919 13 882706 2 715428 3 396399 9 791393 5 234293 }
pub{ 0 0 3 20 16 287863 6 654965 13 235684 10 448839 17 786273 14 80175 3 981036 18 849072 2 252489 4 186450 7 987883 1 932530 9 893346 11 779686 5 850411 8 111422 15 915401 0 888838 19 556105 12 791428 }
pub{ 0 0 4 20 16 156172 9 4824 5 180834 0 798323 7 776598 8 344914 14 938392 15 391535 3 876634 12 481908 10 721870 2 159919 6 68647 11 55465 13 849734 17 934295 4 841161 18 732353 19 159026 1 59993 }
pub{ 0 0 5 20 13 877960 19 676295 17 932098 12 944193 7 661309 4 640702 3 836774 14 248129 2 927310 0 644166 15 296194 16 284844 5 836486 1 533121 9 596001 8 63823 11 331303 18 478166 6 94636 10 99445 }
pub{ 0 0 6 20 3 43664 5 867027 0 414955 12 247246 14 203173 10 639338 19 801671 16 639252 9 550260 13 866984 8 472926 1 152155 2 84781 18 414750 17 471823 11 998803 7 438921 4 311157 6 449791 15 37160 }
pub{ 0 0 7 20 7 366547 19 152262 12 205151 4 608542 13 103068 5 505020 1 947687 0 658744 17 275411 15 250965 18 292214 9 668478 8 603159 2 418231 6 156045 11 3071 10 475715 14 49270 3 900494 16 501827 }
pub{ 0 0 8 20 13 142256 5 654985 2 65419 6 505692 14 961449 9 732949 1 25255 8 20003 11 429097 10 399110 0 80861 19 283715 4 942413 12 888369 16 948399 17 914645 3 913734 15 494770 7 742360 18 453707 }
pub{ 0 0 9 20 7 605275 0 396149 11 512508 3 357344 4 833037 9 139245 2 251692 12 887962 18 808676 10 353741 13 66616 19 482249 8 396439 1 394255 15 179968 17 808883 6 269990 16 982694 14 874790 5 636234 }
pub{ 0 0 10 20 15 928889 10 69111 8 934566 9 836705 6 114631 7 399900 19 523319 16 702709 0 272868 4 691945 12 597747 1 472384 5 406617 3 21779 14 69251 11 102377 18 248283 13 668746 17 175372 2 789768 }
pub{ 0 0 11 20 12 460151 9 830191 15 463520 3 9629 16 72835 0 674967 14 677568 7 887172 19 321756 8 485748 6 342453 10 506264 1 682453 2 107425 11 403864 18 57450 17 810299 4 473197 13 396219 5 650419 }
pub{ 0 0 12 20 11 739582 14 696842 7 253058 0 755263 2 787670 8 113932 1 231095 17 708689 9 438326 18 716557 6 702544 19 437688 3 879587 12 583572 4 758805 16 528366 15 807055 5 586187 10 859598 13 137962 }
pub{ 0 0 13 20 16 122620 4 690168 5 432333 10 135087 0 729830 1 218358 15 634536 11 490424 19 562502 9 734899 14 203044 12 173453 13 874503 7 584249 18 753757 3 491037 6 513626 2 886987 17 343305 8 519542 }
pub{ 0 0 14 20 7 518687 0 173289 9 537491 6 184902 11 609069 2 96779 16 54162 18 218303 15 530571 4 507671 1 581294 8 455401 13 474808 3 831273 17 723535 12 961486 19 461450 5 9167 10 909761 14 462977 }
pub{ 0 0 15 20 12 929121 8 216969 0 352570 18 937626 10 80359 13 630217 16 977855 19 37107 3 98298 7 825620 15 872430 6 358520 2 475034 11 902118 9 520261 17 501507 5 897360 1 167711 4 311722 14 352882 }
pub{ 0 0 16 20 16 233542 15 298813 0 335410 4 645822 5 830466 11 296644 1 275138 6 795810 10 517750 13 622998 18 92206 12 166440 7 1125 14 72537 8 89257 9 183332 17 509379 3 298394 19 388512 2 688912 }
pub{ 0 0 17 20 7 318796 3 521045 13 706874 11 374346 18 376516 9 8284 1 663439 17 530800 6 645103 5 598355 12 515550 19 578568 4 808409 15 296111 16 29783 14 641462 0 168878 8 647439 2 475640 10 114182 }
pub{ 0 0 18 20 7 984115 9 222226 11 488398 17 609393 14 629259 10 8105 13 388147 0 850696 4 773100 2 312299 12 830323 19 881616 6 21211 18 987565 1 546069 8 508597 15 234998 16 547740 3 127832 5 384375 }
pub{ 0 0 19 20 7 332060 19 414468 15 945783 1 11367 13 265913 10 828718 4 247314 17 199911 16 231293 6 870222 14 98078 11 174721 0 867659 12 506484 3 167598 8 474621 2 972870 18 337758 9 75485 5 877609 }
