0	1521637351	421682188
1	1521637352	204833852
2	1521637353	25549759
3	1521637353	862075292
4	1521637354	615445763
5	1521637357	412248847
6	1521637361	393978203
7	1521637362	537720163
8	1521637363	679879170
9	1521637364	522102968
10	1521637365	556405985
11	1521637366	250713791
12	1521637368	149460980
13	1521637371	438647415
14	1521637374	169854
15	1521637374	785740548
16	1521637375	622890853
17	1521637376	622614616
18	1521637377	560953483
19	1521637378	347013000
20	1521637379	221865113
21	1521637381	734990840
22	1521637384	937981448
23	1521637386	958242216
24	1521637387	905595915
25	1521637388	753104160
26	1521637389	554094516
27	1521637393	991521008
28	1521637396	821084599
29	1521637397	565674125
30	1521637398	531064808
31	1521637399	288340627
32	1521637400	201887216
33	1521637401	203815810
34	1521637404	180982169
35	1521637407	23662098
36	1521637409	153922406
37	1521637409	919391333
38	1521637410	737494448
39	1521637411	767354520
40	1521637412	634214550
41	1521637413	558966703
42	1521637414	348105086
43	1521637416	42248804
44	1521637417	554412336
45	1521637419	187083940
46	1521637420	452409650
47	1521637421	198725222
48	1521637421	932441135
49	1521637423	295739536
50	1521637427	126056067
51	1521637429	804726268
52	1521637430	377098899
53	1521637431	244156757
54	1521637432	80346152
55	1521637432	866584634
56	1521637434	61885071
57	1521637437	328270560
58	1521637440	35160684
59	1521637441	187984312
60	1521637441	933963005
61	1521637442	744003310
62	1521637443	406592580
63	1521637444	113607887
64	1521637444	842527198
65	1521637445	637712145
66	1521637446	412715948
67	1521637447	111180837
68	1521637447	794035648
69	1521637448	550743162
70	1521637449	215036693
71	1521637449	867032586
72	1521637450	592636681
73	1521637451	394644879
74	1521637452	260128606
75	1521637453	222605414
76	1521637453	941202057
77	1521637454	669187047
78	1521637455	348049884
79	1521637456	252396
80	1521637456	623911271
81	1521637457	330642121
82	1521637458	13457476
83	1521637458	796956713
84	1521637459	501316675
85	1521637460	358460005
86	1521637461	165443785
87	1521637461	996038198
88	1521637462	832039746
89	1521637463	583793652
90	1521637464	407534831
91	1521637465	94502384
92	1521637465	763084301
93	1521637466	525125020
94	1521637467	235591208
95	1521637467	939022515
96	1521637468	651589018
97	1521637469	300954531
98	1521637470	30719931
99	1521637470	746398745
100	1521637471	468510337
101	1521637472	162900603
102	1521637472	904239651
103	1521637473	614890029
104	1521637474	332201394
105	1521637475	126432829
106	1521637475	877639838
107	1521637476	611176345
108	1521637477	339513562
109	1521637478	263587751
110	1521637479	124329288
111	1521637479	805549120
112	1521637480	572451399
113	1521637481	221997769
114	1521637481	931299350
115	1521637482	790332350
116	1521637483	683930078
117	1521637484	485128031
118	1521637485	171546365
119	1521637487	391567929
120	1521637490	488579846
121	1521637492	653696397
122	1521637493	345071098
123	1521637494	195502649
124	1521637494	937545273
125	1521637495	875316163
126	1521637496	642333041
127	1521637497	377616998
128	1521637498	167688984
129	1521637499	97673054
130	1521637500	3734111
131	1521637500	696075256
132	1521637501	541108314
133	1521637502	399279559
134	1521637503	90811620
135	1521637503	898692162
136	1521637504	628502597
137	1521637505	398363174
138	1521637506	105396985
139	1521637507	99645731
140	1521637507	886141514
141	1521637508	588446394
142	1521637509	223438803
143	1521637509	871375204
144	1521637510	608003169
145	1521637511	457694605
146	1521637512	147411251
147	1521637512	788804052
148	1521637513	466867648
149	1521637514	220482542
150	1521637514	997152774
151	1521637515	845678776
152	1521637516	580533091
153	1521637517	614910827
154	1521637518	449196314
155	1521637519	373348489
156	1521637520	27964148
157	1521637520	831719315
158	1521637521	749339986
159	1521637522	702638089
160	1521637523	715551808
161	1521637524	548685679
162	1521637525	751491359
163	1521637529	709341612
164	1521637532	213708949
165	1521637535	9571642
166	1521637537	996904742
167	1521637539	412947723
168	1521637540	392603466
169	1521637541	510246749
170	1521637545	956891568
171	1521637549	285888662
172	1521637550	83831198
173	1521637550	815824705
174	1521637551	565937753
175	1521637552	221413633
176	1521637553	22317707
177	1521637553	927085439
178	1521637554	658972092
179	1521637555	534476852
180	1521637556	414937575
181	1521637557	243470131
182	1521637558	67710334
183	1521637558	886905299
184	1521637559	564745011
185	1521637560	379740109
186	1521637561	198188423
187	1521637561	966769945
188	1521637562	663940497
189	1521637563	439766813
190	1521637564	241784756
191	1521637564	988297048
192	1521637565	741107850
193	1521637566	595444745
194	1521637567	260683063
195	1521637568	12185795
196	1521637568	911367528
197	1521637569	936227182
198	1521637570	796493605
199	1521637571	572879877
200	1521637572	380541407
201	1521637573	111408914
202	1521637573	992479523
203	1521637574	921525118
204	1521637575	731685111
205	1521637577	270497153
206	1521637581	51866297
207	1521637583	370606314
208	1521637584	119287473
209	1521637584	979169960
210	1521637585	675771114
211	1521637586	609818075
212	1521637587	373207783
213	1521637588	235911913
214	1521637588	977522002
215	1521637589	712986608
216	1521637590	426527485
217	1521637591	163221387
218	1521637591	941264942
219	1521637592	666021621
220	1521637593	413142349
221	1521637594	568067008
222	1521637595	459567754
223	1521637596	134851578
224	1521637596	894055564
225	1521637597	983901097
226	1521637598	780840475
227	1521637599	441381316
228	1521637600	184814538
229	1521637600	886146290
230	1521637601	812481495
231	1521637602	509205173
232	1521637603	239974206
233	1521637604	527184299
234	1521637605	294390497
235	1521637605	971045993
236	1521637606	677734170
237	1521637607	676027053
238	1521637608	317229887
239	1521637609	177748426
240	1521637609	828074548
241	1521637610	555119010
242	1521637611	269050740
243	1521637612	74159378
244	1521637612	928775930
245	1521637613	564933647
246	1521637614	241925376
247	1521637614	980022219
248	1521637615	736544934
249	1521637616	414279596
250	1521637617	162314439
251	1521637617	800484529
252	1521637618	524023523
253	1521637619	205665298
254	1521637619	891143761
255	1521637620	679396012
256	1521637621	363924935
257	1521637622	288148865
258	1521637623	102660282
259	1521637624	48650043
260	1521637625	19721720
261	1521637625	707085659
262	1521637626	441829975
263	1521637627	142216497
264	1521637627	939661253
265	1521637628	761338491
266	1521637629	704318470
267	1521637630	542136251
268	1521637631	366617967
269	1521637632	38561706
270	1521637632	990905320
271	1521637633	779261900
272	1521637634	458903836
273	1521637635	144752028
274	1521637635	977889248
275	1521637636	658747546
276	1521637637	267424016
277	1521637637	986623570
278	1521637638	803226998
279	1521637639	474348266
280	1521637640	184890082
281	1521637640	971598651
282	1521637641	883259562
283	1521637642	563642237
284	1521637643	342092227
285	1521637643	960997411
286	1521637644	641548304
287	1521637645	551824482
288	1521637646	366191146
289	1521637647	114507698
290	1521637647	762734776
291	1521637648	416065507
292	1521637649	297627884
293	1521637650	107989042
294	1521637650	867533781
295	1521637651	591501199
296	1521637652	378899234
297	1521637653	298292261
298	1521637654	92561798
299	1521637654	862736291
300	1521637655	555619484
301	1521637656	763847129
302	1521637657	638717929
303	1521637658	425258323
304	1521637659	199474388
305	1521637659	904036693
306	1521637660	588141056
307	1521637661	320364548
308	1521637661	983134783
309	1521637662	633434681
310	1521637663	234459028
311	1521637664	45873692
312	1521637664	742534213
313	1521637665	421036428
314	1521637666	124099533
315	1521637666	814498987
316	1521637667	527323717
317	1521637668	248140144
318	1521637669	203767696
319	1521637669	956005211
320	1521637670	677833602
321	1521637671	367658145
322	1521637672	28440497
323	1521637672	685309406
324	1521637673	380340690
325	1521637674	134379866
326	1521637674	888962629
327	1521637675	589981826
328	1521637676	332587038
329	1521637677	130876645
330	1521637677	761348797
331	1521637678	564248919
332	1521637679	249023679
333	1521637679	931721079
334	1521637680	843125247
335	1521637681	573413041
336	1521637682	584908196
337	1521637683	620100202
338	1521637684	328305857
339	1521637685	79557962
340	1521637685	791609981
341	1521637686	631660291
342	1521637687	365355531
343	1521637688	196354510
344	1521637688	909229793
345	1521637689	619394392
346	1521637690	265858463
347	1521637691	147725607
348	1521637691	899679098
349	1521637692	697786511
350	1521637693	337137562
351	1521637694	6669627
352	1521637694	696940174
353	1521637695	478631854
354	1521637696	331585326
355	1521637697	34886193
356	1521637697	888990376
357	1521637698	610174742
358	1521637699	312134726
359	1521637700	111745151
360	1521637700	758104244
361	1521637701	565108072
362	1521637702	374089660
363	1521637703	20916941
364	1521637703	645047485
365	1521637704	487648763
366	1521637705	377247713
367	1521637706	289646372
368	1521637707	99563226
369	1521637708	218515916
370	1521637709	342014642
371	1521637710	444103703
372	1521637711	330299272
373	1521637712	799089302
374	1521637715	752190744
375	1521637718	409814572
376	1521637720	317656139
377	1521637721	510923751
378	1521637722	639367093
379	1521637723	575504336
380	1521637724	381847310
381	1521637726	240016281
382	1521637729	449121221
383	1521637731	921022777
384	1521637732	821564664
385	1521637733	849339044
386	1521637735	179187923
387	1521637738	59763067
388	1521637741	121915982
389	1521637742	509259978
390	1521637743	344481106
391	1521637744	154991416
392	1521637745	410316057
393	1521637748	739223287
394	1521637751	550179927
395	1521637752	544681764
396	1521637753	311242984
397	1521637754	21882573
398	1521637755	430551985
399	1521637758	363399804
400	1521637761	323796151
401	1521637762	380906743
402	1521637763	236224816
403	1521637764	114650961
404	1521637765	737972220
405	1521637769	116668580
406	1521637771	858848185
407	1521637772	631402255
408	1521637773	443744040
409	1521637774	316116102
410	1521637776	748692422
411	1521637779	768851893
412	1521637781	982173598
413	1521637782	744118446
414	1521637783	461469133
415	1521637784	205521265
416	1521637786	287001936
417	1521637789	805000323
418	1521637791	855624478
419	1521637792	543105721
420	1521637793	378564451
421	1521637794	157701924
422	1521637796	900682959
423	1521637799	886206728
424	1521637802	155553286
425	1521637803	95017305
426	1521637804	188863198
427	1521637806	788788386
428	1521637809	791328749
429	1521637811	972159765
430	1521637812	955627995
431	1521637814	104467154
432	1521637815	200659202
433	1521637816	324903273
434	1521637817	330821737
435	1521637818	489186188
436	1521637819	535220469
437	1521637820	602817334
438	1521637821	941367161
439	1521637824	902265434
440	1521637828	111012787
441	1521637829	608687916
442	1521637830	791221970
443	1521637831	827614490
444	1521637833	247130601
445	1521637836	64763393
446	1521637839	685657256
447	1521637841	465358610
448	1521637842	891322773
449	1521637844	149680983
450	1521637845	342345177
451	1521637846	195687684
452	1521637847	336628528
453	1521637848	164334699
454	1521637850	325907841
455	1521637853	496478701
456	1521637855	750378746
457	1521637856	601363395
458	1521637857	421639743
459	1521637858	177807068
460	1521637860	923456081
461	1521637865	51365065
462	1521637866	254909912
463	1521637867	339050982
464	1521637868	330972205
465	1521637869	592085806
466	1521637871	250992468
467	1521637872	183912518
468	1521637873	675835057
469	1521637874	770591590
470	1521637875	854956149
471	1521637876	718609019
472	1521637877	951367148
473	1521637879	177682117
474	1521637880	109026268
475	1521637881	60063616
476	1521637882	184114913
477	1521637884	984602991
478	1521637889	52613826
479	1521637890	282788904
480	1521637891	456023180
481	1521637892	720301218
482	1521637894	225715190
483	1521637895	507855736
484	1521637896	632749274
485	1521637897	499574634
486	1521637898	350976115
487	1521637899	177985032
488	1521637902	210509755
489	1521637905	246538479
490	1521637907	57823350
491	1521637908	4036098
492	1521637908	723945891
493	1521637910	582954961
494	1521637913	770281214
495	1521637916	441572347
496	1521637917	193541924
497	1521637917	956277366
498	1521637919	207287436
499	1521637922	225626881
500	1521637925	492581716
501	1521637926	907748794
502	1521637927	659985575
503	1521637928	494162845
504	1521637929	830571768
505	1521637933	95305683
506	1521637936	292507007
507	1521637937	251312031
508	1521637938	474352405
509	1521637939	350797206
510	1521637942	573186661
511	1521637945	563445560
512	1521637946	932315980
513	1521637947	759849830
514	1521637948	706450433
515	1521637949	676276607
516	1521637952	587537006
517	1521637955	802943216
518	1521637956	913178033
519	1521637957	612544099
520	1521637958	350449138
521	1521637959	46738901
522	1521637959	918582928
523	1521637960	755693140
524	1521637961	736691033
525	1521637962	532872887
526	1521637963	219793750
527	1521637963	989156231
528	1521637964	738171533
529	1521637965	413647865
530	1521637966	158005921
531	1521637966	786357864
532	1521637967	727467944
533	1521637968	457507075
534	1521637969	123270721
535	1521637969	912979374
536	1521637970	662409604
537	1521637971	430561883
538	1521637972	200751213
539	1521637972	943092858
540	1521637973	706468121
541	1521637974	550732811
542	1521637976	295050608
543	1521637979	771444034
544	1521637982	333264439
545	1521637983	92034422
546	1521637984	46996973
547	1521637984	856744837
548	1521637987	58579338
549	1521637989	843407377
550	1521637992	219807194
551	1521637992	872907025
552	1521637993	695309366
553	1521637994	417735274
554	1521637995	332297051
555	1521637996	80401821
556	1521637996	789180949
557	1521637997	649095347
558	1521637998	494460163
559	1521637999	142317764
560	1521638000	42902903
561	1521638000	818312651
562	1521638001	564881847
563	1521638002	890193652
564	1521638006	138699761
565	1521638009	201830289
566	1521638009	897538549
567	1521638010	695902034
568	1521638011	591154745
569	1521638012	311431025
570	1521638013	37956282
571	1521638013	779955582
572	1521638014	590204696
573	1521638015	428674427
574	1521638016	202528731
575	1521638016	975514233
576	1521638017	658854048
577	1521638018	369982712
578	1521638018	978621692
579	1521638019	559477678
580	1521638020	411125993
581	1521638021	109067290
582	1521638021	795090417
583	1521638022	503617705
584	1521638023	304267539
585	1521638024	389006784
586	1521638025	161615535
587	1521638025	948563825
588	1521638026	766866157
589	1521638027	394483459
590	1521638028	251894823
591	1521638028	993191254
592	1521638029	677838719
593	1521638030	507640758
594	1521638031	473798299
595	1521638032	497655535
596	1521638033	302091325
597	1521638034	546121400
598	1521638035	242969653
599	1521638036	259636992
600	1521638037	378288011
601	1521638040	608016457
602	1521638043	903238662
603	1521638044	803373703
604	1521638045	614585027
605	1521638046	561410302
606	1521638047	340789832
607	1521638048	335547315
608	1521638049	153466047
609	1521638050	121123697
610	1521638050	883915879
611	1521638051	861463680
612	1521638052	955944530
613	1521638056	437916965
614	1521638059	389805496
615	1521638060	736883286
616	1521638061	485075195
617	1521638062	406239616
618	1521638063	138770111
619	1521638063	972535580
620	1521638067	412807864
621	1521638071	152256403
622	1521638072	38617742
623	1521638072	821499711
624	1521638073	635498683
625	1521638074	484106819
626	1521638075	377190841
627	1521638076	522920559
628	1521638079	652586140
629	1521638083	573768372
630	1521638085	707687056
631	1521638087	311721000
632	1521638088	739975303
633	1521638089	866861609
634	1521638092	770242308
635	1521638096	222604981
636	1521638098	64754404
637	1521638099	521035258
638	1521638100	631232972
639	1521638101	305947688
640	1521638102	675038656
641	1521638105	327882382
642	1521638108	892944477
643	1521638109	771520291
644	1521638110	641939322
645	1521638111	635091302
646	1521638114	146246585
647	1521638117	169398966
648	1521638119	751157222
649	1521638120	539139944
650	1521638121	260815650
651	1521638122	71712950
652	1521638122	859170719
653	1521638123	619271820
654	1521638124	343624891
655	1521638125	92735857
656	1521638125	715885108
657	1521638126	524814210
658	1521638127	470942587
659	1521638128	350025728
660	1521638129	414881694
661	1521638130	281233855
662	1521638130	976062719
663	1521638131	670547850
664	1521638132	565446543
665	1521638133	461161238
666	1521638134	312692039
667	1521638135	160597661
668	1521638136	3680083
669	1521638136	800952516
670	1521638137	667111010
671	1521638138	366807449
672	1521638139	198050083
673	1521638139	964345475
674	1521638140	686506968
675	1521638141	643238875
676	1521638142	431266057
677	1521638143	113874903
678	1521638143	913047089
679	1521638144	692787843
680	1521638145	508557738
681	1521638146	385034126
682	1521638147	87217108
683	1521638147	831010220
684	1521638151	882529349
685	1521638155	343258101
686	1521638156	96021963
687	1521638157	152759826
688	1521638158	350596916
689	1521638161	799461748
690	1521638164	893922552
691	1521638165	752672268
692	1521638166	475224156
693	1521638167	364577830
694	1521638169	264240393
695	1521638172	577787517
696	1521638174	886738422
697	1521638175	566741796
698	1521638176	364484471
699	1521638177	151961861
700	1521638177	844186446
701	1521638178	604972254
702	1521638181	555220513
703	1521638184	572330984
704	1521638186	972787297
705	1521638187	809294016
706	1521638188	587081368
707	1521638189	332461577
708	1521638191	270960347
709	1521638194	485610266
710	1521638197	13867044
711	1521638197	838675623
712	1521638198	602992287
713	1521638199	420652234
714	1521638200	811302311
715	1521638202	140190310
716	1521638203	148702911
717	1521638204	12450885
718	1521638204	943225478
719	1521638205	995028477
720	1521638206	922953093
721	1521638210	217407496
722	1521638213	565802402
723	1521638214	569046736
724	1521638215	322413083
725	1521638216	160554403
726	1521638217	937210279
727	1521638221	5767880
728	1521638223	760296854
729	1521638224	609806851
730	1521638225	510123695
731	1521638226	276732523
732	1521638228	501143042
733	1521638231	368233050
734	1521638233	725559727
735	1521638234	604221762
736	1521638235	554902183
737	1521638236	379530038
738	1521638237	261689728
739	1521638238	23524140
740	1521638238	735702996
741	1521638239	442141320
742	1521638240	268857691
743	1521638241	6345628
744	1521638241	698526505
745	1521638242	545079164
746	1521638243	219393283
747	1521638243	800730490
748	1521638244	519722933
749	1521638245	191725757
750	1521638245	812704178
751	1521638246	516983887
752	1521638247	106635525
753	1521638247	912656391
754	1521638248	673794911
755	1521638249	330241439
756	1521638249	968904012
757	1521638250	765334338
758	1521638251	638819896
759	1521638252	354269855
760	1521638253	493820123
761	1521638254	247465540
762	1521638255	118332249
763	1521638256	178773633
764	1521638256	892766849
765	1521638257	752713585
766	1521638258	609780411
767	1521638259	380550508
768	1521638260	230937049
769	1521638261	19377564
770	1521638261	819525439
771	1521638262	596502679
772	1521638263	387578462
773	1521638264	48091239
774	1521638264	874778602
775	1521638265	799632282
776	1521638266	484087054
777	1521638267	219200895
778	1521638268	58339075
779	1521638268	813053516
780	1521638269	564016524
781	1521638270	308761297
782	1521638271	112813298
783	1521638271	972922707
784	1521638272	696510596
785	1521638273	596504039
786	1521638274	247851251
787	1521638275	212551457
788	1521638275	887846798
789	1521638276	577011764
790	1521638277	523488007
791	1521638278	260781902
792	1521638279	8608785
793	1521638279	719564764
794	1521638280	581095439
795	1521638281	283134741
796	1521638282	72607699
797	1521638282	802820362
798	1521638283	605667009
799	1521638284	386823409
800	1521638285	181191692
801	1521638285	820978728
802	1521638286	583347863
803	1521638287	293375021
804	1521638287	973284751
805	1521638288	701340813
806	1521638289	499491411
807	1521638290	182368980
808	1521638290	903869247
809	1521638291	606584439
810	1521638292	398071486
811	1521638293	192895552
812	1521638293	860983987
813	1521638294	513675677
814	1521638295	256062473
815	1521638296	53265068
816	1521638296	759420633
817	1521638297	605739721
818	1521638298	301256068
819	1521638298	993919417
820	1521638299	803872773
821	1521638300	440270350
822	1521638301	249385694
823	1521638301	952014008
824	1521638302	643728431
825	1521638303	477288241
826	1521638304	211694207
827	1521638305	20451813
828	1521638305	894692083
829	1521638306	660641132
830	1521638307	397853518
831	1521638308	164844233
832	1521638309	25151977
833	1521638309	734989116
834	1521638310	603108419
835	1521638311	543122356
836	1521638312	568487428
837	1521638313	356538294
838	1521638314	66020634
839	1521638314	832117532
840	1521638315	536786983
841	1521638316	286567520
842	1521638317	169386206
843	1521638317	903486304
844	1521638318	647388631
845	1521638319	301969940
846	1521638320	114147680
847	1521638320	914582450
848	1521638321	854049173
849	1521638322	714214733
850	1521638323	349112245
851	1521638324	227817607
852	1521638325	100385514
853	1521638325	765283950
854	1521638326	820155370
855	1521638327	513429301
856	1521638328	296154047
857	1521638328	945580904
858	1521638329	710690663
859	1521638330	485908863
860	1521638331	243947784
861	1521638332	444051626
862	1521638333	287364055
863	1521638334	149270164
864	1521638334	906977066
865	1521638335	700152498
866	1521638336	417040512
867	1521638337	291518562
868	1521638338	95118869
869	1521638338	899267877
870	1521638339	564192432
871	1521638340	318950789
872	1521638341	306895777
873	1521638342	62676189
874	1521638342	659621266
875	1521638343	472535783
876	1521638344	466158043
877	1521638345	322184285
878	1521638346	48336502
879	1521638346	756621426
880	1521638347	440960793
881	1521638348	99332133
882	1521638348	959101274
883	1521638349	598615181
884	1521638350	619260411
885	1521638351	324143388
886	1521638352	9805486
887	1521638352	713927145
888	1521638353	399060732
889	1521638354	200767642
890	1521638354	953777106
891	1521638355	598453648
892	1521638356	495319967
893	1521638357	329860057
894	1521638357	985304139
895	1521638358	760094633
896	1521638359	552820722
897	1521638360	294620195
898	1521638361	135897734
899	1521638361	784725179
900	1521638362	560393878
901	1521638363	209019811
902	1521638363	870320059
903	1521638364	494694948
904	1521638365	255445006
905	1521638366	46458612
906	1521638366	823744116
907	1521638367	526320236
908	1521638368	179619501
909	1521638368	975291305
910	1521638369	844746902
911	1521638370	730774052
912	1521638371	670105102
913	1521638372	378630794
914	1521638373	109466783
915	1521638373	865299548
916	1521638374	548218164
917	1521638375	254013754
918	1521638376	120027846
919	1521638376	904452723
920	1521638377	602712411
921	1521638378	383583549
922	1521638379	75854984
923	1521638379	861413650
924	1521638380	681887297
925	1521638381	384194224
926	1521638382	198930613
927	1521638383	175584283
928	1521638383	932853247
929	1521638384	662971633
930	1521638385	409000740
931	1521638386	347028734
932	1521638387	306183596
933	1521638388	145949257
934	1521638388	873079266
935	1521638389	652013676
936	1521638390	468468562
937	1521638391	160607819
938	1521638391	817581450
939	1521638392	786047369
940	1521638393	400835467
941	1521638394	114887091
942	1521638394	869522355
943	1521638395	703097239
944	1521638396	624922814
945	1521638397	509999785
946	1521638398	296379466
947	1521638399	63389826
948	1521638399	995074639
949	1521638400	768952277
950	1521638401	602646645
951	1521638402	288297083
952	1521638403	105488129
953	1521638403	974736775
954	1521638404	899775936
955	1521638405	733254778
956	1521638406	705772505
957	1521638407	436466476
958	1521638408	101581605
959	1521638408	804625363
960	1521638409	598621689
961	1521638410	334165286
962	1521638411	277840710
963	1521638412	78579096
964	1521638412	876156918
965	1521638413	596023848
966	1521638414	329537697
967	1521638415	154386971
968	1521638415	833802108
969	1521638416	655904435
970	1521638417	388898433
971	1521638418	24673897
972	1521638418	785322559
973	1521638419	525942426
974	1521638420	268813624
975	1521638421	17120720
976	1521638421	753088053
977	1521638422	526202474
978	1521638423	235356716
979	1521638424	7464048
980	1521638424	856011837
981	1521638425	577792361
982	1521638426	306700451
983	1521638427	87435492
984	1521638427	927103642
985	1521638428	592711336
986	1521638429	300211508
987	1521638430	65578462
988	1521638430	691914145
989	1521638431	508171361
990	1521638432	231851532
991	1521638432	977599905
992	1521638433	614698227
993	1521638434	395453347
994	1521638435	111451933
995	1521638435	858251647
996	1521638436	713719851
997	1521638437	472933802
998	1521638438	312875203
999	1521638439	21417212
1000	1521638439	680727898
1001	1521638440	320995342
1002	1521638441	93030122
1003	1521638442	12388970
1004	1521638442	734919516
1005	1521638443	489014109
1006	1521638444	156557432
1007	1521638445	300916705
1008	1521638446	2240172
1009	1521638446	727460592
1010	1521638447	447570681
1011	1521638448	228228137
1012	1521638449	141871119
1013	1521638449	929826460
1014	1521638450	771886757
1015	1521638451	704150579
1016	1521638452	603916461
1017	1521638453	316985781
1018	1521638454	85915379
1019	1521638454	737313954
1020	1521638455	549509390
1021	1521638456	244820142
1022	1521638456	971158624
1023	1521638457	687990032
1024	1521638458	508533113
1025	1521638459	341346673
1026	1521638460	158766549
1027	1521638460	826607404
1028	1521638461	529239552
1029	1521638462	243802519
1030	1521638463	208351104
1031	1521638464	313461060
1032	1521638465	6001979
1033	1521638465	707534341
1034	1521638466	324602360
1035	1521638467	13694355
1036	1521638467	989705578
1037	1521638468	794975808
1038	1521638469	546706190
1039	1521638470	167989675
1040	1521638471	305867526
1041	1521638472	28145343
1042	1521638472	831851537
1043	1521638473	563007570
1044	1521638474	182946829
1045	1521638474	930495148
1046	1521638475	720282434
1047	1521638476	636701221
1048	1521638477	282410822
1049	1521638477	904755423
1050	1521638478	601937244
1051	1521638479	334172681
1052	1521638480	226362010
1053	1521638481	35139983
1054	1521638481	811010352
1055	1521638482	604059978
1056	1521638483	437226536
1057	1521638484	232986984
1058	1521638485	158102235
1059	1521638485	882076116
1060	1521638486	587500703
1061	1521638487	323063791
1062	1521638488	61962700
1063	1521638488	945921442
1064	1521638489	714332070
1065	1521638490	434529192
1066	1521638491	9303003
1067	1521638491	818112488
1068	1521638492	764679047
1069	1521638493	517514739
1070	1521638494	320714017
1071	1521638495	85030673
1072	1521638495	929218894
1073	1521638496	796795894
1074	1521638497	439591267
1075	1521638498	205310359
1076	1521638498	987555324
1077	1521638499	904435549
1078	1521638500	570081744
1079	1521638501	317649083
1080	1521638502	32419841
1081	1521638502	668572892
1082	1521638503	411772980
1083	1521638504	168724823
1084	1521638505	5946620
1085	1521638505	894368872
1086	1521638506	691401980
1087	1521638507	501600007
1088	1521638508	331283634
1089	1521638509	248036796
1090	1521638510	110887775
1091	1521638510	878518503
1092	1521638511	730974568
1093	1521638512	549199923
1094	1521638513	368138972
1095	1521638514	135503429
1096	1521638514	952147737
1097	1521638515	644544127
1098	1521638516	373166902
1099	1521638517	161159625
1100	1521638517	814418130
1101	1521638518	555332035
1102	1521638519	232732669
1103	1521638519	880469016
1104	1521638520	726259195
1105	1521638521	628575663
1106	1521638522	369555341
1107	1521638523	462886886
1108	1521638524	181745547
1109	1521638524	969200165
1110	1521638525	784654618
1111	1521638526	508998910
1112	1521638527	384797206
1113	1521638528	95274001
1114	1521638528	775585961
1115	1521638529	865233667
1116	1521638530	594188899
1117	1521638531	368468498
1118	1521638532	116916523
1119	1521638533	168662938
1120	1521638533	817811762
1121	1521638534	688010512
1122	1521638535	413390373
1123	1521638536	243010171
1124	1521638536	979519240
1125	1521638537	681388660
1126	1521638538	543661616
1127	1521638539	343698222
1128	1521638540	148691939
1129	1521638540	946714677
1130	1521638541	908968323
1131	1521638542	758047492
1132	1521638543	459628686
1133	1521638544	244897440
1134	1521638545	120213855
1135	1521638546	143739430
1136	1521638546	797637863
1137	1521638547	471819208
1138	1521638548	215865553
1139	1521638549	150343954
1140	1521638549	925151561
1141	1521638550	956066740
1142	1521638551	841479565
1143	1521638552	573993612
1144	1521638553	346657190
1145	1521638554	104573590
1146	1521638554	781415207
1147	1521638555	573859902
1148	1521638556	322625693
1149	1521638557	327053728
1150	1521638559	333941333
1151	1521638560	110133310
1152	1521638560	841938481
1153	1521638561	547636036
1154	1521638562	641598718
1155	1521638563	445343696
1156	1521638564	245498388
1157	1521638565	52052567
1158	1521638565	762102652
1159	1521638566	632246382
1160	1521638567	465610195
1161	1521638568	348029217
1162	1521638569	362754733
1163	1521638570	103420267
1164	1521638570	831886761
1165	1521638571	738330600
1166	1521638572	652243598
1167	1521638573	391000377
1168	1521638574	119881313
1169	1521638574	880680618
1170	1521638575	921972403
1171	1521638576	729592767
1172	1521638577	514798179
1173	1521638578	228404192
1174	1521638579	47903683
1175	1521638579	878919861
1176	1521638580	675324655
1177	1521638581	312031276
1178	1521638582	270591968
1179	1521638584	424331164
1180	1521638585	169025201
1181	1521638587	42103786
1182	1521638588	370738391
1183	1521638589	165996367
1184	1521638590	87765682
1185	1521638590	926806785
1186	1521638591	656158911
1187	1521638592	711248950
1188	1521638593	434248566
1189	1521638594	154240527
1190	1521638595	56537838
1191	1521638595	835873494
1192	1521638596	530681762
1193	1521638597	302215860
1194	1521638599	952677362
1195	1521638602	834200086
1196	1521638604	861765043
1197	1521638605	611102809
1198	1521638606	396474681
1199	1521638607	77628731
1200	1521638608	353271110
1201	1521638611	274828074
1202	1521638613	766974685
1203	1521638615	27082089
1204	1521638615	705942540
1205	1521638616	406483088
1206	1521638617	132776337
1207	1521638617	759910182
1208	1521638618	492193006
1209	1521638619	315994613
1210	1521638620	43729668
1211	1521638620	747053084
1212	1521638621	462412208
1213	1521638622	185005991
1214	1521638622	846166114
1215	1521638623	513220931
1216	1521638624	250661106
1217	1521638624	933810021
1218	1521638625	691869181
1219	1521638626	337814536
1220	1521638627	128529496
1221	1521638627	904500685
1222	1521638628	704332756
1223	1521638629	466494472
1224	1521638630	235874295
1225	1521638630	977250533
1226	1521638631	685766243
1227	1521638632	506037259
1228	1521638633	243559048
1229	1521638633	938406528
1230	1521638634	739118700
1231	1521638635	447293673
1232	1521638636	163889571
1233	1521638636	855952472
1234	1521638637	645661120
1235	1521638638	567853055
1236	1521638639	371268736
1237	1521638640	32721915
1238	1521638640	744430579
1239	1521638641	527437416
1240	1521638642	313335994
1241	1521638643	83077420
1242	1521638643	893969974
1243	1521638644	975689038
1244	1521638645	688182143
1245	1521638646	426983122
1246	1521638647	266266255
1247	1521638647	932048180
1248	1521638648	651554816
1249	1521638649	470537693
1250	1521638650	159154795
1251	1521638650	912072627
1252	1521638651	601148348
1253	1521638652	263105770
1254	1521638652	948125091
1255	1521638653	649254774
1256	1521638654	466463667
1257	1521638655	132697419
1258	1521638655	961293267
1259	1521638656	696656628
1260	1521638657	504933139
1261	1521638658	313903062
1262	1521638659	28997576
1263	1521638659	869572185
1264	1521638660	513619682
1265	1521638661	246327680
1266	1521638661	956274313
1267	1521638662	763277643
1268	1521638663	701942745
1269	1521638664	399031773
1270	1521638665	247478042
1271	1521638666	447298196
1272	1521638667	483306817
1273	1521638668	302960313
1274	1521638669	151781242
1275	1521638669	896466247
1276	1521638672	222004197
1277	1521638675	513813214
1278	1521638677	801862167
1279	1521638678	592618008
1280	1521638679	253210219
1281	1521638679	924785942
1282	1521638680	646466763
1283	1521638681	439934286
1284	1521638682	216878817
1285	1521638682	906092971
1286	1521638683	648980171
1287	1521638684	304511613
1288	1521638685	58235777
1289	1521638685	758885226
1290	1521638686	764024933
1291	1521638687	615670299
1292	1521638688	264921887
1293	1521638689	84417562
1294	1521638689	867436423
1295	1521638690	580800379
1296	1521638691	302618045
1297	1521638692	76530705
1298	1521638692	792509134
1299	1521638693	433221463
1300	1521638694	221653153
1301	1521638695	2521719
1302	1521638695	817903020
1303	1521638696	537200988
1304	1521638697	568245188
1305	1521638698	384236967
1306	1521638699	275336148
1307	1521638699	950074919
1308	1521638700	779281444
1309	1521638701	519773119
1310	1521638702	189375723
1311	1521638702	914852380
1312	1521638703	858836818
1313	1521638704	518372609
1314	1521638705	334958432
1315	1521638706	85232194
1316	1521638706	857230842
1317	1521638707	540412399
1318	1521638708	435772784
1319	1521638709	128953295
1320	1521638709	849261482
1321	1521638710	727086434
1322	1521638711	544465959
1323	1521638712	347293722
1324	1521638713	186832126
1325	1521638713	999214653
1326	1521638714	753780987
1327	1521638715	481376251
1328	1521638716	222552132
1329	1521638716	993247923
1330	1521638717	649681262
1331	1521638718	654786762
1332	1521638719	335536207
1333	1521638720	198183085
1334	1521638720	859346637
1335	1521638721	604098733
1336	1521638722	317961135
1337	1521638723	37398731
1338	1521638723	782469328
1339	1521638724	505686468
1340	1521638725	141444776
1341	1521638726	100511560
1342	1521638726	827003685
1343	1521638727	661405606
1344	1521638729	43272985
1345	1521638732	259208253
1346	1521638735	311988127
1347	1521638736	156774624
1348	1521638736	960015160
1349	1521638737	645061512
1350	1521638738	340032941
1351	1521638739	98478553
1352	1521638739	823058364
1353	1521638740	603429464
1354	1521638741	422855074
1355	1521638742	629465714
1356	1521638743	287934633
1357	1521638744	40545995
1358	1521638744	776134904
1359	1521638745	405278317
1360	1521638746	242780146
1361	1521638746	938142555
1362	1521638747	838338630
1363	1521638748	633185565
1364	1521638749	654194447
1365	1521638750	343614428
1366	1521638751	145897929
1367	1521638752	147692025
1368	1521638752	877055767
1369	1521638753	679060070
1370	1521638754	467925520
1371	1521638755	418266870
1372	1521638756	180209224
1373	1521638759	11384295
1374	1521638762	275638017
1375	1521638763	692916405
1376	1521642184	943631443
1377	1521642185	697496951
1378	1521642186	360606501
1379	1521642187	218976638
1380	1521642188	66023159
1381	1521642188	800243054
1382	1521642189	587719271
1383	1521642190	586682978
1384	1521642191	430032349
1385	1521642192	215659153
1386	1521642193	3176278
1387	1521642193	677097980
1388	1521642194	574196426
1389	1521642195	403739389
1390	1521642196	176133410
1391	1521642197	155064572
1392	1521642198	1350791
1393	1521642198	695044859
1394	1521642199	285608119
1395	1521642199	935264212
1396	1521642200	612413567
1397	1521642201	454905676
1398	1521642202	360998898
1399	1521642203	211972121
1400	1521642203	936036775
1401	1521642204	695633622
1402	1521642205	432941699
1403	1521642206	448740869
1404	1521642207	118972728
1405	1521642207	817245323
1406	1521642208	610057314
1407	1521642209	330900001
1408	1521642210	33448676
1409	1521642210	819659655
1410	1521642211	567140847
1411	1521642212	313353064
1412	1521642213	96272196
1413	1521642214	179431347
1414	1521642214	904004432
1415	1521642215	709276672
1416	1521642216	526968698
1417	1521642217	324425124
1418	1521642218	85554861
1419	1521642218	739508743
1420	1521642219	590905787
1421	1521642220	596336706
1422	1521642221	404141940
1423	1521642222	721414024
1424	1521642223	669067749
1425	1521642224	419286483
1426	1521642225	546478535
1427	1521642226	527706171
1428	1521642227	285419339
1429	1521642228	16292898
1430	1521642229	27205768
1431	1521642229	773949583
1432	1521642230	696240797
1433	1521642231	463626339
1434	1521642232	231970676
1435	1521642232	975311286
1436	1521642233	926957359
1437	1521642234	603744114
1438	1521642235	374343711
1439	1521642236	128902270
1440	1521642236	923528823
1441	1521642237	644327006
1442	1521642238	492946856
