0	7.26079
0	7.93149
0	8.25972
0	8.55836
0	8.86426
1	12.0738
1	14.6929
1	15.8176
1	17.086
1	17.8921
1	18.2051
1	18.5075
1	18.8029
1	19.1395
1	19.4509
1	19.7483
1	20.0815
1	20.4061
1	20.7125
1	21.4105
1	23.0535
1	23.5812
1	24.0031
1	24.4658
1	24.8882
1	25.3401
1	25.7981
1	26.2717
1	26.7422
1	27.1909
1	27.8281
1	28.2591
1	28.5761
1	28.9374
1	29.3053
1	29.8283
1	30.6618
1	31.5146
1	31.9263
1	33.8358
1	34.6857
1	35.4723
1	36.2177
1	37.0274
1	37.2862
1	37.5282
1	37.7739
1	38.0153
1	38.2677
1	38.5057
1	38.7505
1	39.0137
1	39.2954
1	39.5342
1	39.7682
1	40.0023
2	39.7363
2	39.9831
2	40.2182
2	40.4516
2	40.6944
2	40.9272
2	41.1594
2	41.3906
2	41.6369
2	41.8708
2	42.1027
2	42.3542
2	42.6094
2	42.8525
2	43.0887
2	43.3223
2	43.554
2	43.7987
2	44.036
2	44.2724
2	44.5085
2	44.7605
3	44.4998
3	44.7456
3	44.9811
3	45.3003
3	45.6336
3	45.9726
3	46.3116
3	46.6411
3	46.971
3	47.3114
3	47.6371
3	47.9601
3	48.2969
3	48.6271
3	48.9522
3	49.2878
3	49.6131
3	49.9516
3	50.2953
3	50.6195
3	50.9439
3	51.2833
3	51.6088
3	51.9392
3	52.3041
3	52.6156
3	52.9367
3	53.6891
3	54.5861
3	54.7962
3	54.9793
3	55.1881
3	55.3667
3	55.5363
3	55.707
3	55.8747
3	56.0435
3	56.2264
3	56.4043
3	56.5729
3	56.741
3	56.9081
3	57.0746
3	57.3355
3	57.5189
3	57.6883
3	57.8633
3	58.0339
3	58.2614
3	58.4522
3	58.622
3	58.7909
3	58.9565
3	59.1233
3	59.3036
3	59.4828
3	59.6521
3	59.8195
3	60.5225
3	60.8199
3	61.0751
3	61.4305
3	61.7721
3	63.8981
4	65.5505
4	66.4139
4	66.7713
4	67.0833
4	67.4226
5	75.3271
5	75.6522
5	75.8665
5	76.0788
5	76.2827
5	76.5058
5	76.7126
5	76.9383
5	77.1443
5	77.3478
5	77.564
5	77.7723
5	77.975
5	78.1776
5	78.3793
5	78.5824
5	78.7876
5	79.0554
5	79.3219
5	79.6053
5	79.8809
5	80.1808
5	80.5184
5	80.8307
5	81.8227
5	82.6998
5	83.0098
5	83.9654
5	85.2696
5	86.2955
5	86.9667
5	87.9144
5	88.6604
5	89.4135
5	90.0945
5	90.6194
5	90.8544
5	91.0614
5	91.2674
5	91.4856
5	91.6937
5	91.8959
5	92.1805
5	92.3932
5	92.6235
5	92.8423
5	93.0893
5	93.2926
5	93.5074
5	93.7116
5	93.9132
5	94.1144
5	94.3153
5	94.5315
5	94.7357
5	94.9363
5	95.1378
5	95.34
5	95.5695
5	95.8125
5	96.0154
5	96.2171
5	96.4189
5	96.6886
5	96.9327
5	97.1393
5	97.3426
5	97.561
5	97.7675
5	97.9678
5	98.1692
5	98.3699
5	98.6078
5	98.8158
5	99.0185
5	99.2197
5	99.4206
5	99.6335
5	99.8381
5	100.04
5	100.243
5	100.445
5	100.663
5	100.905
5	101.109
5	101.312
5	101.514
5	101.787
5	102.135
5	102.912
5	103.69
5	104.197
5	104.526
5	104.831
5	105.074
5	105.282
5	105.485
5	105.701
5	105.906
5	106.201
5	106.483
5	106.807
5	107.115
5	107.338
5	107.553
5	107.793
5	108
5	108.207
5	108.409
5	108.625
5	108.851
5	109.056
5	109.258
5	109.464
5	109.68
5	109.883
5	110.084
5	110.285
5	110.487
5	110.699
5	110.904
5	111.104
5	111.304
5	111.504
5	111.718
5	111.921
5	112.124
5	112.326
5	112.528
5	112.743
5	112.972
5	113.176
5	113.379
5	113.58
5	113.791
5	113.992
5	114.193
5	114.395
5	114.596
5	114.825
5	115.028
5	115.233
5	115.434
5	115.646
5	115.851
5	116.054
5	116.256
5	116.458
5	116.677
5	116.9
5	117.104
5	117.304
5	117.505
5	117.718
5	117.922
5	118.124
5	118.325
5	118.615
5	118.854
5	119.06
5	119.262
5	119.466
5	119.681
5	119.884
5	120.087
5	120.29
5	120.493
5	120.707
5	120.925
5	121.128
5	121.331
5	121.534
5	121.747
5	121.953
5	122.155
5	122.363
5	122.57
5	122.783
5	122.989
5	123.192
5	123.392
5	123.594
5	123.81
5	124.013
5	124.215
5	124.422
5	124.623
5	124.898
5	125.107
5	125.31
5	125.518
5	125.731
5	125.936
5	126.138
5	126.338
5	126.543
5	126.756
5	126.958
5	127.16
5	127.363
5	127.564
5	127.78
5	127.985
5	128.187
5	128.392
5	128.593
5	128.846
5	129.055
5	129.26
5	129.463
5	129.667
5	129.884
5	130.088
5	130.29
5	130.496
5	130.699
5	130.917
5	131.119
5	131.322
5	131.526
5	131.741
5	131.946
5	132.149
5	132.354
5	132.56
5	132.783
5	132.99
5	133.192
5	133.392
5	133.594
5	133.806
5	134.01
5	134.212
5	134.413
5	134.613
5	134.827
5	135.031
5	135.251
5	135.463
5	135.665
5	135.888
5	136.092
5	136.294
5	136.494
5	136.696
5	136.931
5	137.137
5	137.342
5	137.546
5	137.76
5	137.969
5	138.172
5	138.376
5	138.578
5	138.793
5	138.998
5	139.202
5	139.404
5	139.608
5	139.823
5	140.028
5	140.231
5	140.435
5	140.64
5	140.872
5	141.078
5	141.282
5	141.494
5	141.698
5	141.914
5	142.119
5	142.322
5	142.528
5	142.729
5	142.941
5	143.153
5	143.357
5	143.559
6	143.321
6	143.543
6	143.744
6	143.945
6	144.146
6	144.372
6	144.565
6	144.764
6	144.966
6	145.174
6	145.415
6	145.63
6	145.833
6	146.034
6	146.235
6	146.451
6	146.657
6	146.86
6	147.065
6	147.268
6	147.482
6	147.689
6	147.892
6	148.096
6	148.297
6	148.575
6	148.781
6	148.987
6	149.189
6	149.405
6	149.612
6	149.814
6	150.017
6	150.22
6	150.431
6	150.636
6	150.838
6	151.04
6	151.242
6	151.46
6	151.69
6	151.895
6	152.098
6	152.301
6	152.528
6	152.734
6	152.934
6	153.136
6	153.336
6	153.55
6	153.754
6	153.957
6	154.158
6	154.362
6	154.575
6	154.778
6	154.979
7	154.759
7	154.978
7	155.179
7	155.378
7	155.58
7	155.816
7	156.053
7	156.258
7	156.461
7	156.664
7	156.865
7	157.081
7	157.287
7	157.489
7	157.689
7	157.889
7	158.101
7	158.306
7	158.508
7	158.709
7	158.91
7	159.125
7	159.329
7	159.53
7	159.731
7	159.932
7	160.169
7	160.381
7	160.583
7	160.785
7	160.987
7	161.2
7	161.404
7	161.604
7	161.807
7	162.009
7	162.22
7	162.422
7	162.626
7	162.827
7	163.029
7	163.248
7	163.452
7	163.652
7	163.853
7	164.102
7	164.308
7	164.51
7	164.816
7	165.113
7	165.408
7	165.703
7	165.998
7	166.313
7	166.614
7	166.911
7	167.215
7	167.517
7	167.812
7	168.148
7	168.452
7	168.745
7	169.038
7	169.355
7	169.656
7	169.949
7	170.257
7	170.56
7	170.853
7	171.164
7	171.464
7	171.758
7	172.051
7	172.384
7	172.686
7	172.98
7	173.291
7	173.592
7	173.886
7	174.191
7	174.493
7	174.788
7	175.081
7	175.395
7	175.692
7	175.985
7	176.406
7	176.713
7	177.007
7	177.266
7	177.46
7	177.631
7	177.798
7	177.966
7	178.145
7	178.319
7	178.488
7	178.656
7	178.881
7	179.082
7	179.294
7	179.507
7	179.705
7	179.904
7	180.1
7	180.358
7	180.54
7	180.776
7	181.012
7	181.258
7	181.493
7	181.724
7	181.954
7	182.298
7	182.533
7	182.766
7	182.997
7	183.24
7	183.471
7	183.707
7	183.943
7	184.237
7	184.473
7	184.71
7	184.942
7	185.189
7	185.422
7	185.652
7	185.883
7	186.112
7	186.357
7	186.592
7	186.822
7	187.053
7	187.324
7	187.562
7	187.794
7	188.04
7	188.286
7	188.522
7	188.753
7	188.985
7	189.227
7	189.458
7	189.689
7	189.919
7	190.148
7	190.394
7	190.627
7	190.858
7	191.089
7	191.327
7	191.561
7	191.794
7	192.033
7	192.282
7	192.516
7	192.75
7	192.983
7	193.217
7	193.466
7	193.699
7	193.932
7	194.166
7	194.413
7	194.647
7	194.878
7	195.117
7	195.362
7	195.594
7	195.826
7	196.084
7	196.336
7	196.571
7	196.803
7	197.036
7	197.282
7	197.517
7	197.753
7	197.984
7	198.216
7	198.461
7	198.697
7	198.93
7	199.161
7	199.411
7	199.648
7	199.88
7	200.132
7	200.38
7	200.617
7	200.85
7	201.091
7	201.353
7	201.612
7	201.86
7	202.108
7	202.365
7	202.611
7	202.859
7	203.104
7	203.363
7	203.61
7	203.855
7	204.129
7	204.454
7	204.777
7	205.098
7	205.57
7	205.919
7	206.252
7	206.638
7	206.965
7	207.281
7	207.611
7	207.926
7	208.258
7	208.619
7	208.938
7	209.252
7	209.581
7	209.909
7	210.223
7	210.546
7	210.857
7	211.164
7	211.489
7	211.799
7	212.122
7	212.431
7	212.733
8	212.754
8	213.105
8	213.423
8	213.737
8	214.065
8	214.378
8	214.696
8	215.018
8	215.332
8	215.682
8	216.013
8	216.333
8	216.645
8	216.985
8	217.301
8	217.618
8	217.93
8	218.147
8	218.342
8	218.533
8	218.721
8	218.922
8	219.113
8	219.301
8	219.5
8	219.691
8	219.88
8	220.079
8	220.267
8	220.455
8	220.642
8	220.83
8	221.03
8	221.22
8	221.41
8	221.599
8	221.788
8	221.988
8	222.178
8	222.366
8	222.554
8	222.741
8	222.94
8	223.13
8	223.32
8	223.526
8	223.715
8	223.903
8	224.102
8	224.291
8	224.479
8	224.666
8	224.855
8	225.053
8	225.243
8	225.43
8	225.618
8	225.806
8	226.006
8	226.196
8	226.385
8	226.573
8	226.762
8	226.961
8	227.152
8	227.34
8	227.537
8	227.727
8	227.915
8	228.121
8	228.311
8	228.5
8	228.688
8	228.876
8	229.122
8	229.324
8	229.513
8	229.732
8	229.926
8	230.126
8	230.316
8	230.504
9	232.208
9	232.446
10	234.175
10	234.385
10	234.574
10	234.794
10	234.986
10	235.188
10	235.38
10	235.57
10	235.759
10	235.946
10	236.146
10	236.337
10	236.528
10	236.715
10	236.903
10	237.163
10	237.413
10	237.659
10	237.906
10	238.183
10	238.436
10	238.693
10	238.94
10	239.2
10	239.45
10	239.698
10	239.946
11	240.355
11	240.602
11	240.87
11	241.118
11	241.366
11	241.611
11	241.866
11	242.115
11	242.381
11	242.628
11	242.888
11	243.135
11	243.381
11	243.626
11	243.885
11	244.13
11	244.377
11	244.623
11	244.882
11	245.131
11	245.378
11	245.624
11	245.885
11	246.133
11	246.389
11	246.639
11	246.899
11	247.147
11	247.395
11	247.643
11	247.901
11	248.15
11	248.399
11	248.646
11	248.934
11	249.191
11	249.442
12	249.351
12	249.627
12	249.876
12	250.141
12	250.388
12	250.654
12	250.903
12	251.152
12	251.399
12	251.667
12	251.918
12	252.167
12	252.415
12	252.68
12	252.929
12	253.176
12	253.423
12	253.688
12	253.987
12	254.238
12	254.483
12	254.744
12	254.991
12	255.238
12	255.482
12	255.741
12	255.986
12	256.231
12	256.475
12	256.73
12	256.976
12	257.222
12	257.467
12	257.728
12	257.992
12	258.239
12	258.485
12	258.742
12	258.988
12	259.235
12	259.479
12	259.742
12	259.987
12	260.231
12	260.48
12	260.739
12	260.992
12	261.237
12	261.482
12	261.741
12	262.015
12	262.268
12	262.516
12	262.765
12	263.009
12	263.254
12	263.508
12	263.768
12	264.014
12	264.258
12	264.504
12	264.763
12	265.008
12	265.252
12	265.498
12	265.756
12	266.029
12	266.276
12	266.521
12	266.779
12	267.024
12	267.271
12	267.516
12	267.775
12	268.021
12	268.267
12	268.512
12	268.799
12	269.049
12	269.297
12	269.542
12	269.814
12	270.068
12	270.32
12	270.566
12	270.822
12	271.069
12	271.313
12	271.558
12	271.813
12	272.059
12	272.303
12	272.548
12	272.808
12	273.053
12	273.299
12	273.544
12	273.813
12	274.069
12	274.317
12	274.565
12	274.829
12	275.076
12	275.32
12	275.566
12	275.831
12	276.079
12	276.323
12	276.566
12	276.827
12	277.078
12	277.323
12	277.568
12	277.837
12	278.092
12	278.34
12	278.587
12	278.846
12	279.092
12	279.335
12	279.579
12	279.842
12	280.088
12	280.374
12	280.62
12	280.87
12	281.116
12	281.36
12	281.604
12	281.871
12	282.136
12	282.383
12	282.627
12	282.883
12	283.129
12	283.379
12	283.623
12	283.88
12	284.127
12	284.371
12	284.623
12	284.882
12	285.13
12	285.374
12	285.619
12	285.906
12	286.175
12	286.422
12	286.674
12	286.936
12	287.181
12	287.429
12	287.673
12	287.933
12	288.179
12	288.425
12	288.67
12	288.927
13	287.792
13	288.016
13	288.218
13	288.444
13	288.65
13	288.853
13	289.058
13	289.259
13	289.476
13	289.681
13	289.884
13	290.085
13	290.286
13	290.497
13	290.7
13	290.901
13	291.103
13	291.305
13	291.517
13	291.72
13	291.922
13	292.124
13	292.325
13	292.558
13	292.762
13	292.964
13	293.165
13	293.377
13	293.58
13	293.781
13	293.982
13	294.185
13	294.398
13	294.6
13	294.802
14	293.925
14	294.142
14	294.353
14	294.562
14	294.769
14	294.969
14	295.171
14	295.433
14	295.639
14	295.842
14	296.043
14	296.246
14	296.458
14	296.663
14	296.863
14	297.064
14	297.266
14	297.479
14	297.68
14	297.882
14	298.082
14	298.282
14	298.495
14	298.698
14	298.899
14	299.101
14	299.3
14	299.52
14	299.724
14	299.924
14	300.126
14	300.339
14	300.543
14	300.744
14	300.946
14	301.147
14	301.361
14	301.564
14	301.766
14	301.97
14	302.17
14	302.381
14	302.584
14	302.785
14	302.986
14	303.187
14	303.44
14	303.648
14	303.854
14	304.061
14	304.263
14	304.478
14	304.684
14	304.887
14	305.093
14	305.295
14	305.507
14	305.713
14	305.916
14	306.118
14	306.322
14	306.537
14	306.742
14	306.945
14	307.149
14	307.352
14	307.575
14	307.775
14	307.975
14	308.178
14	308.403
14	308.61
14	308.813
14	309.014
14	309.215
14	309.43
14	309.633
14	309.837
14	310.038
14	310.238
14	310.452
14	310.655
14	310.857
14	311.059
14	311.261
14	311.495
14	311.7
14	311.902
14	312.103
14	312.306
14	312.516
14	312.719
14	312.919
14	313.12
14	313.32
14	313.738
14	314.068
14	314.384
14	314.614
14	314.818
14	315.018
14	315.218
14	315.445
14	315.648
14	315.849
14	316.051
14	316.252
14	316.468
14	316.671
14	316.873
14	317.075
14	317.277
14	317.489
14	317.692
14	317.893
14	318.094
14	318.294
14	318.508
14	318.711
14	318.913
14	319.112
14	319.32
14	319.542
14	319.747
14	319.949
14	320.149
14	320.35
14	320.562
14	320.766
14	320.967
14	321.174
14	321.377
14	321.588
14	321.793
14	321.994
14	322.193
14	322.395
14	322.607
14	322.812
14	323.012
14	323.212
14	323.412
14	323.643
14	323.845
14	324.045
14	324.247
14	324.447
14	324.672
14	324.873
14	325.075
14	325.275
14	325.488
14	325.692
14	325.894
14	326.096
14	326.298
14	326.509
14	326.713
14	326.914
14	327.114
14	327.314
14	327.536
14	327.74
14	327.941
14	328.142
14	328.345
14	328.56
14	328.761
14	328.963
14	329.163
14	329.364
14	329.585
14	329.789
14	329.993
14	330.193
14	330.393
14	330.608
14	330.813
14	331.014
14	331.216
14	331.417
14	331.64
14	331.846
14	332.048
14	332.25
14	332.45
14	332.663
14	332.865
14	333.064
14	333.265
14	333.468
14	333.682
14	333.887
14	334.086
14	334.286
14	334.485
14	334.7
14	334.902
14	335.102
14	335.304
14	335.509
14	335.728
14	335.929
14	336.129
14	336.33
14	336.541
14	336.744
14	336.944
14	337.145
14	337.349
14	337.562
14	337.767
14	337.968
14	338.171
14	338.37
14	338.582
14	338.786
14	338.987
14	339.188
14	339.389
14	339.611
14	339.815
14	340.015
14	340.216
14	340.418
14	340.633
14	340.836
14	341.038
14	341.239
14	341.442
14	341.655
14	341.863
14	342.067
14	342.272
14	342.476
14	342.721
14	342.93
14	343.135
14	343.338
14	343.549
14	343.758
14	343.961
14	344.166
14	344.371
14	344.585
14	344.791
14	344.995
14	345.198
14	345.399
14	345.616
14	345.821
14	346.025
14	346.228
14	346.43
14	346.644
14	346.85
14	347.052
14	347.255
14	347.47
14	347.692
14	347.898
14	348.102
14	348.305
14	348.506
14	348.72
14	348.927
14	349.133
14	349.334
14	349.537
14	349.752
14	349.957
14	350.162
14	350.365
14	350.57
14	350.788
14	350.992
14	351.195
14	351.399
14	351.658
14	351.873
14	352.075
14	352.276
14	352.478
14	352.69
14	352.894
14	353.096
14	353.3
14	353.506
14	353.73
14	353.935
14	354.137
14	354.338
14	354.542
14	354.755
14	354.959
14	355.159
14	355.361
14	355.582
14	355.796
14	356.001
14	356.203
14	356.403
14	356.607
14	356.818
14	357.021
14	357.222
14	357.424
14	357.625
14	357.836
14	358.038
14	358.239
14	358.442
14	358.642
14	358.886
14	359.093
14	359.293
14	359.577
14	359.808
14	360.011
14	360.212
14	360.413
14	360.619
14	360.833
14	361.038
14	361.259
14	361.607
14	361.946
14	362.269
14	362.58
14	362.839
14	363.052
14	363.258
14	363.527
14	363.754
14	363.966
14	364.169
14	364.373
14	364.634
14	364.948
14	365.26
14	365.543
14	365.915
14	366.241
14	366.56
14	366.885
14	367.202
14	367.514
14	367.87
14	368.188
14	368.502
14	368.827
14	369.145
14	369.455
14	369.782
14	370.094
14	370.407
14	370.724
14	371.053
14	371.366
14	371.688
14	372.019
14	372.339
14	372.651
14	372.979
14	373.296
14	373.611
14	373.935
14	374.247
14	374.559
14	374.89
14	375.204
14	375.517
14	375.866
14	376.19
14	376.505
14	376.831
14	377.144
14	377.457
14	377.787
14	378.1
14	378.501
14	378.828
14	379.141
14	379.454
14	379.805
14	380.109
14	380.424
14	380.738
14	381.062
14	381.381
14	381.692
14	382.016
14	382.33
14	382.652
14	382.978
14	383.292
14	383.619
14	383.95
14	384.271
14	384.583
14	384.908
14	385.22
14	385.536
14	385.859
14	386.172
14	386.485
14	386.8
14	387.116
14	387.429
14	387.721
14	388.047
14	388.345
14	388.635
14	388.944
14	389.243
14	389.532
14	389.822
14	390.127
14	390.42
14	390.709
14	391.012
14	391.313
14	391.601
14	392.018
14	392.315
14	392.608
14	392.916
14	393.215
14	393.504
14	393.794
14	394.119
14	394.417
14	394.706
14	395.012
14	395.309
14	395.599
14	395.915
14	396.212
14	396.501
14	396.79
14	397.092
14	397.392
14	397.68
14	397.982
14	398.277
14	398.567
14	398.855
14	399.157
14	399.451
14	399.744
14	400.056
14	400.353
14	400.642
14	400.946
14	401.243
14	401.533
14	401.849
14	402.173
14	402.488
14	402.801
14	403.131
14	403.449
14	403.771
14	404.097
14	404.41
14	404.727
14	405.051
14	405.364
14	405.677
14	406.005
14	406.324
14	406.637
14	406.96
14	407.272
14	407.597
14	407.91
14	408.236
14	408.55
14	408.862
14	409.191
14	409.506
14	409.819
14	410.146
14	410.464
14	410.781
14	411.06
14	411.321
14	411.593
14	411.846
14	412.118
14	412.371
14	412.621
14	412.869
14	413.137
14	413.387
14	413.636
14	413.888
14	414.158
14	414.408
14	414.657
14	414.904
14	415.152
14	415.403
14	415.659
14	415.909
14	416.174
14	416.424
14	416.675
14	416.924
14	417.187
14	417.437
14	417.683
14	417.935
14	418.2
14	418.449
14	418.695
14	418.943
14	419.206
14	419.454
14	419.801
14	420.06
14	420.308
14	420.555
14	420.8
14	421.074
14	421.322
14	421.57
14	421.85
14	422.116
14	422.318
14	422.509
14	422.697
14	422.886
14	423.085
14	423.278
14	423.475
14	423.666
14	423.854
14	424.061
0	8.90811
0	12.4169
0	12.8604
0	13.3031
0	13.6704
0	14.0311
0	14.3726
0	14.6937
0	15.0443
1	20.0679
1	22.9865
1	23.9874
1	24.6737
1	25.3695
1	26.2605
1	26.5722
1	26.8628
1	27.8384
1	28.5127
1	29.0202
1	29.7044
1	30.4528
1	31.5764
1	32.3792
1	33.0882
1	33.5048
1	34.187
1	34.8587
1	35.3406
1	35.6335
1	35.9349
1	36.3037
1	36.8269
1	37.4019
1	37.8985
1	38.3952
1	38.7008
1	39.0371
1	39.3353
1	39.6241
1	39.9109
1	40.2108
1	40.5041
1	40.7907
1	41.0927
1	41.3897
1	41.679
1	41.989
1	42.2806
1	42.5671
1	42.8536
1	43.2449
1	43.5746
1	43.8757
1	44.1868
1	44.4905
1	44.7864
1	45.0949
1	45.3974
1	45.6956
1	46.0037
1	46.3072
1	46.6024
1	46.898
1	47.242
1	47.5495
1	47.8464
1	48.1553
1	48.4575
1	48.7534
1	49.0826
1	49.3899
1	49.9458
1	50.2854
1	50.5858
1	50.8839
1	51.2396
1	51.5516
1	51.8481
1	52.1631
1	52.4663
1	52.7976
1	53.1269
1	53.4321
1	53.7151
1	54.036
1	54.4616
1	54.7692
1	56.0296
1	56.5715
1	56.8902
1	57.2035
1	57.5077
1	57.8038
1	58.1164
1	58.4187
1	58.705
1	59.3892
1	59.7422
1	60.1013
1	60.477
1	60.9346
1	61.3586
1	61.7894
1	62.1344
1	62.4257
1	62.6932
2	65.3037
2	66.892
2	67.8273
2	68.9627
2	69.3201
2	69.6308
2	69.9242
2	70.2116
2	70.5457
2	70.8419
2	71.1303
2	71.4182
2	71.7176
2	72.0126
2	72.3036
2	72.6033
2	72.895
2	73.1807
2	73.4801
2	73.7707
2	74.0571
2	74.3435
2	74.6575
2	74.9532
2	75.2407
2	75.5403
2	75.831
2	76.1173
2	76.403
2	76.7035
2	76.9954
2	77.2842
2	77.5831
2	77.8745
2	78.1612
2	78.4461
2	78.7597
2	79.0504
2	79.3369
2	79.6383
2	79.9344
2	80.2205
2	80.5214
2	80.8128
2	81.0987
2	81.385
2	81.6845
2	81.9765
2	82.2651
2	82.5882
2	82.8858
2	83.1723
2	83.4586
2	83.7635
2	84.0512
2	84.337
2	84.6394
2	84.9364
2	85.2249
2	85.5237
2	86.0832
2	86.5882
2	86.9407
2	87.221
2	87.5702
2	87.8705
2	88.0471
2	88.2136
2	88.3874
2	88.5679
2	88.7405
2	88.9067
2	89.0717
2	89.2374
2	89.4016
2	89.5853
2	89.7598
2	89.9269
2	90.0914
2	90.2565
2	90.4206
2	90.6854
2	90.9772
2	91.2627
2	91.5556
2	91.7456
2	91.914
2	92.187
2	92.461
2	92.7586
2	93.0408
2	93.3235
2	93.6121
2	93.8939
2	94.1729
2	94.7684
2	95.0602
2	95.4457
2	95.8072
2	96.1028
2	96.3948
2	96.6975
2	96.9911
2	97.2781
2	97.5774
2	97.8682
2	98.1536
2	98.4392
2	98.8008
2	99.1032
2	99.3903
2	99.6903
2	99.9815
2	100.267
2	100.569
2	100.861
2	101.148
2	101.437
2	101.736
2	102.027
2	102.315
2	102.629
2	102.924
2	103.212
2	103.513
2	103.804
2	104.091
2	104.379
2	104.678
2	104.97
2	105.257
2	105.556
2	105.847
2	106.133
2	106.42
2	106.741
2	107.039
2	107.326
2	107.624
2	107.916
2	108.202
2	108.502
2	108.793
2	109.08
2	109.369
2	109.674
2	109.966
2	110.251
2	110.611
2	110.799
2	110.969
2	111.135
2	111.3
2	111.465
2	111.649
2	111.819
2	111.985
2	112.149
2	112.314
2	112.49
2	112.694
2	112.867
2	113.035
2	113.2
2	113.367
2	113.545
2	113.716
2	113.882
2	114.047
2	114.212
2	114.378
2	114.599
2	114.846
2	115.127
2	115.416
2	115.705
2	115.983
2	116.259
2	116.557
2	116.843
2	117.118
2	117.4
2	117.695
2	118.012
2	118.275
2	118.567
2	118.852
2	119.135
2	119.415
2	119.709
2	119.99
2	120.271
2	120.561
2	120.845
2	121.121
2	121.399
2	121.833
2	122.137
2	122.428
2	122.744
2	123.04
2	123.327
2	123.626
2	123.921
2	124.21
2	124.532
2	124.824
2	125.11
2	125.397
2	125.696
2	125.988
2	126.274
2	126.588
2	126.891
2	127.181
2	127.463
3	128.942
3	129.253
3	129.539
3	129.862
3	130.157
3	130.444
3	130.73
3	131.026
3	131.317
3	131.604
3	131.903
3	132.196
3	132.486
3	132.776
4	133.6
4	133.91
4	134.198
4	134.518
4	134.813
4	135.101
4	135.404
4	135.701
4	135.987
4	136.273
4	136.644
4	136.964
4	137.259
4	137.565
4	137.863
4	138.153
4	138.456
4	138.755
4	139.046
4	139.336
4	139.645
4	139.938
4	140.227
4	140.543
4	140.842
4	141.131
4	141.432
4	141.728
4	142.017
4	142.306
4	142.612
4	142.91
4	143.199
4	143.501
4	143.797
4	144.085
4	144.399
4	144.7
4	144.99
4	145.279
4	145.586
4	145.883
4	146.173
5	145.461
5	145.768
5	146.056
5	146.36
5	146.658
5	146.947
5	147.238
5	147.554
5	147.855
5	148.146
5	148.453
5	148.751
5	149.045
5	149.333
5	149.645
5	149.936
5	150.225
5	150.542
5	150.839
5	151.127
6	149.896
6	150.205
6	150.493
6	150.796
6	151.092
6	151.381
6	151.671
6	151.973
6	152.27
6	152.56
6	152.862
6	153.16
6	153.449
6	153.737
6	154.052
6	154.351
6	154.64
6	154.942
6	155.239
6	155.527
7	155.291
7	155.596
7	155.884
7	156.171
7	156.471
7	156.767
7	157.056
7	157.367
7	157.664
7	157.953
7	158.254
7	158.549
7	158.836
7	159.123
7	159.424
7	159.721
7	160.01
7	160.311
7	160.606
7	160.894
8	160.273
8	160.62
8	160.92
8	161.211
8	161.514
8	161.81
8	162.1
8	162.4
8	162.696
8	162.985
8	163.274
8	163.578
8	163.873
8	164.162
8	164.477
8	164.776
8	165.065
8	165.366
8	165.661
8	165.949
8	166.237
8	166.539
8	166.835
8	167.123
8	167.424
8	167.719
8	168.008
8	168.296
8	168.623
8	168.925
8	169.216
8	169.518
8	169.817
8	170.106
8	170.408
8	170.705
8	170.994
8	171.282
8	171.584
8	171.879
8	172.167
8	172.506
8	172.806
8	173.096
8	173.398
8	173.695
8	173.984
8	174.273
8	174.576
8	174.872
8	175.161
8	175.463
8	175.759
8	176.048
8	176.36
8	176.659
8	176.949
8	177.237
8	177.541
8	177.837
8	178.126
8	178.428
8	178.724
8	179.015
8	179.305
8	179.608
8	179.904
8	180.193
8	180.504
8	180.802
8	181.092
8	181.395
8	181.692
8	181.981
8	182.27
8	182.574
8	182.869
8	183.158
8	183.463
8	183.758
8	184.046
8	184.376
8	184.676
8	184.964
8	185.253
8	185.557
8	185.853
8	186.142
8	186.445
8	186.741
8	187.03
8	187.32
8	187.631
8	187.924
8	188.214
8	188.537
8	188.838
8	189.129
8	189.434
8	189.734
9	188.877
9	189.178
9	189.489
9	189.783
9	190.071
9	190.374
9	190.671
9	190.96
9	191.277
9	191.576
9	191.865
9	192.154
9	192.516
9	192.826
9	193.116
9	193.417
9	193.714
9	194.002
9	194.305
9	194.601
9	194.889
9	195.177
9	195.496
9	195.789
9	196.077
9	196.379
9	196.675
9	196.964
9	197.269
9	197.536
9	198.25
9	198.558
9	198.85
9	199.14
9	199.464
9	199.767
9	200.056
9	200.362
9	200.662
9	200.951
9	201.256
9	201.555
9	201.844
9	202.132
9	202.435
9	202.735
9	203.023
9	203.342
9	203.642
9	203.931
9	204.234
9	204.973
9	205.305
9	205.609
9	205.901
9	206.191
9	206.508
9	206.8
9	207.091
9	207.423
9	207.726
9	208.017
9	208.395
9	208.698
9	208.99
9	209.299
9	209.599
9	209.889
9	210.176
9	210.484
9	210.778
9	211.066
9	211.383
9	211.682
9	211.971
9	212.273
9	212.568
9	212.856
9	213.144
9	213.447
9	213.743
9	214.031
9	214.333
9	214.63
9	214.919
9	215.244
9	215.543
9	215.831
9	216.119
9	216.422
9	216.718
9	217.006
9	217.308
9	217.604
9	217.892
9	218.18
9	218.484
9	218.775
9	219.062
9	219.375
9	219.674
9	219.963
9	220.264
9	220.561
9	220.85
9	221.139
9	221.441
9	221.735
9	222.023
9	222.323
9	222.618
9	222.906
9	223.194
9	223.514
9	223.803
9	224.091
9	224.392
9	224.688
9	224.976
9	225.29
9	225.586
9	225.874
9	226.162
9	226.463
9	226.759
9	227.048
9	227.398
9	227.7
9	227.989
9	228.291
9	228.586
9	228.874
9	229.163
9	229.464
9	229.759
9	230.047
9	230.349
9	230.644
9	230.932
9	231.246
9	231.546
9	231.834
9	232.121
9	232.423
9	232.72
9	233.008
9	233.309
9	233.605
9	233.893
9	234.182
9	234.483
9	234.779
9	235.067
9	235.411
9	235.711
9	236.001
9	236.303
9	236.599
9	236.888
9	237.177
9	237.48
9	237.775
10	237.162
10	237.475
10	237.769
10	238.057
10	238.388
10	238.687
10	238.977
10	239.266
10	239.57
10	239.865
10	240.154
10	240.456
10	240.752
10	241.04
10	241.342
10	241.638
10	241.926
10	242.216
10	242.528
10	242.826
10	243.115
10	243.417
10	243.712
10	244.012
10	244.301
10	244.609
10	244.898
10	245.186
11	244.614
11	244.921
11	245.211
11	245.556
11	245.856
11	246.146
11	246.45
11	246.746
11	247.034
11	247.322
11	247.624
11	247.919
11	248.208
11	248.511
11	248.806
11	249.095
11	249.384
11	249.7
11	249.998
11	250.29
11	250.594
11	250.889
11	251.177
11	251.479
11	251.775
11	252.063
11	252.351
11	252.652
11	252.947
11	253.235
11	253.558
11	253.859
11	254.148
11	254.452
11	254.746
11	255.033
11	255.321
11	255.64
11	255.939
12	255.486
12	255.796
12	256.09
12	256.38
12	256.668
12	257.004
12	257.301
12	257.59
12	257.89
12	258.187
12	258.475
12	258.776
12	259.069
12	259.357
12	259.645
12	259.947
12	260.242
12	260.53
12	260.842
12	261.14
12	261.428
12	261.728
12	262.023
12	262.311
12	262.599
12	262.901
12	263.197
12	263.485
12	263.787
12	264.082
12	264.37
12	264.657
12	264.983
12	265.281
12	265.57
12	265.871
12	266.166
13	265.562
13	265.871
13	266.168
13	266.457
13	266.744
13	267.045
13	267.34
13	267.628
13	267.962
13	268.26
13	268.548
13	268.851
13	269.148
13	269.436
13	269.723
13	270.024
13	270.319
13	270.608
13	270.909
13	271.204
13	271.49
13	271.777
13	272.089
13	272.387
13	272.674
13	272.975
13	273.27
13	273.558
13	273.86
13	274.154
13	274.441
13	274.728
13	275.028
13	275.323
13	275.61
13	275.923
13	276.221
13	276.509
13	276.797
13	277.105
13	277.395
13	277.684
13	277.985
13	278.28
13	278.567
13	278.868
13	279.163
13	279.451
13	279.739
13	280.067
13	280.364
13	280.653
13	280.956
13	281.25
13	281.538
13	281.839
13	282.133
13	282.42
13	282.709
13	283.01
13	283.306
13	283.596
13	283.909
13	284.207
13	284.496
13	284.783
13	285.087
13	285.382
13	285.67
13	285.971
0	12.1038
0	12.9783
0	13.8969
0	14.8633
0	16.6062
0	17.4899
0	18.2691
0	18.9193
0	19.5721
0	20.3504
0	21.0157
0	22.1229
0	22.8885
0	23.5505
0	24.3913
0	25.0743
0	25.7319
0	26.5307
0	27.2464
0	28.5258
0	29.8279
0	31.8815
0	33.2916
0	34.4212
0	35.5298
0	37.0246
0	37.8584
0	38.5279
0	39.2774
0	39.9243
0	40.7798
0	41.4739
0	42.1028
0	42.7838
0	44.5683
0	45.9294
0	46.7787
0	48.0741
0	48.8217
0	49.4965
0	50.1715
0	51.296
0	52.3394
0	53.0276
0	53.6858
0	54.3492
0	54.9693
0	55.6149
0	56.3188
0	56.9492
0	57.5885
1	9.28739
1	10.1233
1	10.8046
1	11.436
1	12.1
1	12.7654
1	13.3848
1	14.0655
1	14.7399
1	15.3633
1	16.0217
1	16.6511
1	17.3202
1	18.1648
1	18.8565
1	19.4794
1	20.1291
1	20.7928
1	21.4149
1	22.2104
1	22.9413
1	23.5819
1	24.226
1	24.9175
1	25.5488
1	26.2236
1	26.8986
1	27.523
1	28.1646
1	28.8219
1	29.4452
1	30.1802
1	30.8589
1	31.4804
1	32.1335
1	32.7954
1	33.4161
1	34.2112
2	16.9429
2	18.8072
2	20.1007
2	22.5172
2	23.6692
2	25.0566
2	25.9914
2	26.8074
2	27.44
2	28.1648
2	28.8599
2	29.4899
2	30.13
2	30.795
2	31.4159
2	32.0839
2	32.7652
2	33.3886
2	34.0424
2	34.6685
2	35.3345
2	36.1083
2	36.7879
2	37.4081
2	38.0459
2	38.6722
2	39.4294
2	40.2735
2	40.9196
2	41.3081
2	41.6746
2	42.0807
2	42.4488
2	42.8503
2	43.2368
2	43.6059
2	44.315
2	45.0241
2	45.7064
2	46.3553
2	47.0231
2	47.7568
2	48.4177
2	49.0929
2	49.776
2	50.4264
2	51.0873
2	51.7836
2	52.4389
2	53.1034
2	53.7748
2	54.4225
2	55.0918
2	55.7983
2	56.5439
2	57.2244
2	57.9019
2	58.5496
2	59.2131
2	59.8864
2	60.2893
2	60.6893
2	61.0733
2	61.4418
2	61.8393
2	62.2255
2	62.5967
2	63.0008
2	63.3791
2	63.7991
2	64.1885
2	64.5559
2	64.9547
2	65.335
2	65.7293
2	66.1136
2	66.4813
2	66.8811
2	67.2653
2	67.7083
2	68.111
2	68.483
2	68.8805
2	69.2669
2	69.6588
2	70.0417
2	70.4051
2	70.7488
2	70.9678
2	71.1764
2	71.3835
2	71.5903
2	71.8511
2	72.0623
2	72.2699
2	72.4777
2	72.7019
2	72.9724
2	73.1883
2	73.3969
2	73.6213
2	73.8367
2	74.0441
2	74.251
2	74.4586
2	74.6832
2	74.9001
2	75.1103
2	75.3171
2	75.525
2	75.7606
2	75.9804
2	76.188
2	76.396
2	76.6194
2	76.8367
2	77.0447
2	77.2509
2	77.4578
2	77.6814
2	77.8978
2	78.1059
2	78.3134
2	78.521
2	78.7428
2	78.9605
2	79.169
2	79.3773
2	79.6107
2	79.8289
2	80.0366
2	80.2431
2	80.4519
2	80.6763
2	80.893
2	81.1008
2	81.3084
2	81.5151
2	81.7378
2	81.955
2	82.1646
2	82.3726
2	82.5961
2	82.8157
2	83.0238
2	83.2311
2	83.4415
2	83.7167
2	83.9411
2	84.1492
2	84.3556
2	84.5798
2	84.7979
2	85.0066
2	85.2131
2	85.4202
2	85.7121
2	85.94
2	86.1504
2	86.3589
2	86.5819
2	86.799
2	87.0081
2	87.2146
2	87.4224
2	87.6731
2	87.8956
2	88.1038
2	88.3116
2	88.5183
2	88.7497
2	88.9668
2	89.1751
2	89.3834
2	89.6075
2	89.8269
2	90.0356
2	90.2428
2	90.4497
2	90.6727
2	90.889
2	91.0965
2	91.3038
2	91.5112
2	91.7646
2	91.9904
2	92.2002
2	92.4084
2	92.6316
2	92.8503
2	93.0592
2	93.2678
2	93.4755
2	93.6985
2	93.9155
2	94.1236
2	94.3314
2	94.5543
2	94.7723
2	94.9798
2	95.1879
2	95.3947
2	95.6756
2	95.9024
2	96.1115
2	96.3193
2	96.5288
2	96.7661
2	96.9765
2	97.1842
2	97.3943
2	97.6192
2	97.8377
2	98.0464
2	98.2531
2	98.4603
2	98.6836
2	98.9009
2	99.1101
2	99.3195
2	99.5567
2	99.7779
2	99.9844
2	100.192
2	100.4
2	100.638
2	100.821
2	100.992
2	101.163
2	101.333
2	101.505
2	101.698
2	101.862
2	102.022
3	2.82047
3	3.15643
3	3.44715
3	3.7325
3	4.03167
3	4.32008
3	4.60735
3	4.89537
3	5.19494
3	5.49381
3	5.77782
3	6.09066
3	6.39361
3	6.68114
3	6.98499
3	7.28102
3	7.56877
3	7.85634
3	8.1567
3	8.4507
3	8.73719
3	9.03738
3	9.33117
3	9.61803
3	9.93801
3	10.2372
3	10.5278
3	10.8153
3	11.1162
3	11.4113
3	11.6987
3	11.9904
3	12.1876
3	12.3582
3	12.5239
3	12.6885
3	12.8518
3	13.028
3	13.2012
3	13.3656
3	13.5314
3	13.6953
3	13.8595
3	14.044
3	14.2177
3	14.3822
3	14.5466
3	14.711
3	14.876
3	15.055
3	15.2238
3	15.3882
3	15.5533
3	15.7171
3	15.881
3	16.062
3	16.2294
3	16.393
3	16.5572
3	16.723
3	16.9018
3	17.1951
3	17.492
3	17.7844
3	18.1199
3	18.4199
3	18.7126
3	19.0238
3	19.3317
3	19.6147
3	19.9176
3	20.2107
3	20.5057
3	20.7987
3	21.0986
3	21.4015
3	21.7163
3	22.0403
3	22.3417
3	22.6362
3	22.9458
3	23.2417
3	23.5387
3	23.8322
3	24.1497
3	24.4418
3	24.7343
3	25.0325
3	25.3348
3	25.6235
3	25.9135
3	26.2699
3	26.5629
3	26.8817
3	27.1761
3	27.4706
3	27.7633
3	28.0667
3	28.3622
3	28.6547
3	28.9638
3	29.2548
3	29.5474
3	29.8396
3	30.173
3	30.4645
3	30.7551
3	31.1715
3	31.4806
3	31.7715
3	32.0753
3	32.3707
3	32.6586
3	32.9575
3	33.2543
3	33.542
3	33.8293
3	34.1529
3	34.4437
3	34.7292
3	35.0315
3	35.3265
3	35.6136
3	35.9135
3	36.2078
3	36.4948
3	36.7832
3	37.0862
3	37.3801
3	37.6666
3	38
3	38.2985
3	38.587
3	38.8883
3	39.1829
3	39.4696
3	39.7563
3	40.0579
3	40.3525
3	40.6394
3	40.9402
3	41.2334
3	41.521
3	41.8115
3	42.1359
3	42.4175
3	42.6952
3	43.0034
3	43.289
3	43.5659
3	43.8749
3	44.1593
3	44.4355
3	44.7112
4	9.94431
4	10.6718
4	11.3299
4	11.9945
5	17.4541
5	18.6831
5	20.0643
5	21.1772
5	22.2819
5	23.2646
5	23.9895
5	24.6314
5	25.2849
5	25.9623
5	26.5964
5	27.5639
5	28.2826
5	29.3131
5	30.8501
5	31.9946
5	33.0942
5	34.1892
5	35.3311
5	36.4362
5	37.5311
5	38.6238
5	39.862
5	40.9623
5	42.0748
5	43.2242
5	44.479
5	45.5851
5	46.7831
5	47.8881
5	48.9805
5	50.0823
5	51.2745
5	52.1246
5	52.8995
5	53.534
5	54.2144
5	55.0293
5	55.7478
5	56.3811
5	57.0215
5	57.6853
5	58.3042
5	58.9818
5	59.682
5	60.0436
5	60.3839
5	60.748
5	61.1036
5	61.4454
5	61.8137
5	62.1681
5	62.5067
5	62.9585
5	63.3292
5	63.7009
5	64.0593
5	64.3985
5	64.8001
5	65.1626
5	65.503
5	65.8699
5	66.2217
5	66.6109
5	66.9714
5	67.3146
5	67.6825
5	68.0385
5	68.3813
5	68.7477
5	69.1045
5	69.4424
5	69.8316
5	70.1932
5	70.5985
5	70.9806
5	71.3288
5	71.6979
5	72.0518
5	72.3928
5	72.7561
5	73.1112
5	73.4513
5	73.8162
5	74.169
5	74.5068
5	74.9681
5	75.3166
5	75.6838
5	76.0415
5	76.382
5	76.746
5	77.0976
5	77.4515
5	77.8293
5	78.1836
5	78.5647
5	78.9252
5	79.2679
5	79.6482
5	80.0073
5	80.3469
5	80.7128
5	81.0688
5	81.4114
5	81.78
6	3.13854
6	3.46439
6	3.75134
6	4.07309
6	4.36758
6	4.65578
6	4.95512
6	5.25035
6	5.53534
6	5.81895
6	6.11581
6	6.40536
6	6.68864
6	6.98738
6	7.2746
6	7.68098
6	8.11891
6	8.60979
6	9.04234
6	9.33194
6	9.61671
6	9.89973
6	10.2015
6	10.4856
6	10.7697
6	11.0699
6	11.3636
6	11.6506
6	11.9671
6	12.2593
6	12.5447
6	12.8305
6	13.1301
6	13.4213
6	13.7072
6	14.0065
6	14.3014
6	14.5876
6	14.8729
6	15.1889
6	15.4772
6	15.7613
6	16.0773
6	16.3706
6	16.6562
6	16.9549
6	17.2455
6	17.5346
6	17.8225
6	18.12
6	18.4116
6	18.6961
6	18.9648
6	19.1443
6	19.31
6	19.4747
6	19.6399
6	19.8056
6	20.0813
7	8.79677
7	9.60014
7	10.4799
7	11.1819
7	11.8575
7	12.4806
7	13.1436
7	13.773
7	14.5462
7	15.2153
7	15.8876
7	16.5063
7	17.3143
7	18.1174
7	18.7647
7	19.4271
7	20.0719
7	20.6935
7	21.3418
7	22.1022
7	22.7373
7	23.3895
7	24.0421
7	24.6673
7	25.307
7	26.1715
7	26.8913
7	27.5184
7	28.1592
7	28.8257
7	29.4506
7	30.1963
7	30.9439
7	31.3149
7	31.6581
7	32.0269
7	32.3865
7	32.7271
7	33.1138
7	33.4721
7	33.8808
7	34.2501
7	34.5908
7	34.96
7	35.3146
7	35.6538
7	36.0187
7	36.3743
7	36.7171
7	37.087
7	37.4389
7	37.8435
7	38.2065
7	38.5488
7	38.9157
7	39.2759
7	39.6201
7	39.9863
7	40.3432
7	40.6815
7	41.0488
7	41.4038
7	41.8381
7	42.2083
7	42.5517
7	42.9219
7	43.277
7	43.6164
7	43.9809
7	44.3368
7	44.6786
7	45.0443
7	45.4004
7	45.7832
7	46.1429
8	11.763
8	13.3153
8	14.2949
8	16.6595
8	19.4997
8	20.6865
8	21.8631
8	23.0092
8	24.1389
8	25.2526
8	26.3548
8	27.5665
8	28.3846
8	29.0916
8	29.7257
8	30.3868
8	31.1539
8	31.7977
8	32.4662
8	33.1275
8	34.0209
8	35.5907
8	37.1237
8	38.2715
8	39.4951
8	40.6528
8	41.7603
8	42.5429
8	43.4397
8	44.1497
8	44.7841
8	45.4292
8	46.3737
8	47.3526
8	48.1715
8	48.8784
8	49.5707
8	50.3053
8	51.3991
8	52.121
8	52.7615
8	53.4092
8	54.0755
8	54.7009
8	55.3762
8	56.0524
8	56.6819
8	57.3361
8	57.9668
8	58.6267
8	59.3144
8	59.9495
8	60.6081
8	61.2716
8	61.8975
9	12.7679
9	13.9762
9	15.1072
9	16.4944
9	17.6446
9	19.0012
9	20.429
9	21.642
9	22.6776
9	23.8836
9	24.5662
9	25.2694
9	25.9643
9	26.6004
9	27.2428
9	27.9178
9	28.5444
9	29.4806
9	30.6352
9	31.7509
9	32.8571
9	34.1454
9	35.2658
9	36.4707
9	37.5781
9	38.6821
9	39.7872
9	40.9241
9	42.0964
9	43.1997
9	44.2505
9	44.8601
9	45.4948
9	46.1326
9	46.7357
9	47.3553
9	47.9598
9	48.6091
9	49.2401
9	49.8411
9	50.4646
9	51.0947
9	51.7082
9	52.384
9	52.9938
9	53.6222
9	54.2464
9	54.8486
9	55.4668
9	56.1489
9	56.7569
9	57.1855
9	57.5525
9	57.8978
9	58.265
9	58.6246
9	58.9699
9	59.3369
9	59.696
10	10.5522
10	11.7277
10	13.0291
10	14.1707
10	15.2935
10	16.4084
10	17.5628
10	18.3189
10	19.0015
11	9.84963
11	10.5834
11	11.4353
11	12.1384
11	12.7688
11	13.423
11	14.0812
11	14.7041
11	15.4396
11	16.1209
12	9.82678
12	10.5594
12	11.2095
12	12.0222
12	12.6714
12	13.3269
12	13.9858
12	14.6105
12	15.2531
12	15.9415
13	9.00704
13	9.98933
13	10.6535
13	11.302
13	11.9672
13	12.5913
13	13.2311
13	13.9236
13	14.5553
13	15.2022
13	15.864
13	16.4913
13	17.1305
13	17.8622
13	18.5255
13	19.1738
13	19.8337
13	20.4567
13	21.0985
13	21.7184
13	22.4241
13	23.0854
13	23.7096
13	24.3525
13	25.0432
13	25.6691
13	26.3367
13	27.0063
13	27.6318
13	28.2841
13	28.9544
13	29.5777
13	30.4458
13	31.1716
13	31.8428
13	32.4703
13	33.1371
13	33.7648
13	34.5094
13	35.1666
13	35.8313
13	36.454
13	37.1106
13	37.7389
13	38.4615
13	39.0452
13	39.4073
13	39.7512
13	40.1157
13	40.4734
13	40.8471
13	41.2064
13	41.5514
13	41.9847
13	42.3546
13	42.6985
13	43.0632
13	43.4168
13	43.7587
13	44.126
13	44.4794
13	44.8425
13	45.1982
13	45.5436
13	45.9585
13	46.3285
14	9.1772
14	9.9454
14	10.5756
14	11.3668
14	12.0584
14	12.6831
14	13.3357
14	14.3238
14	15.59
14	16.7849
14	17.9014
14	19.1013
14	20.2161
14	21.3218
14	22.4303
14	23.5467
14	24.3375
14	25.0196
14	25.6499
14	26.2909
14	27.1066
14	27.8095
14	28.4424
14	29.0121
14	29.4024
14	29.7927
14	30.1783
14	30.5444
14	31.0056
14	31.402
14	31.7981
14	32.1812
14	32.5504
14	32.9421
14	33.3239
14	33.6921
14	34.0836
14	34.4705
14	34.9411
15	11.1104
15	11.8914
15	12.5289
15	13.1721
15	14.0146
15	14.6887
15	15.3449
15	16.0063
15	16.634
15	17.2716
15	17.9687
15	18.6015
16	9.37342
16	10.145
16	10.9192
16	11.5799
16	12.2253
16	12.901
16	13.5283
16	14.1747
16	15.0258
16	16.1597
16	17.2751
16	18.3794
16	19.5785
16	20.7037
16	21.8708
16	23.1035
16	23.8417
16	24.4766
16	25.1192
16	25.7402
16	26.4018
16	27.1459
16	27.8811
16	28.5142
16	29.156
16	29.8201
16	30.4455
16	31.1222
16	31.7514
17	9.39933
17	10.1879
17	10.9039
17	11.5417
17	12.1912
17	12.9855
17	13.6353
17	14.2802
17	14.9427
17	15.5655
17	16.212
17	16.9641
17	17.6069
17	18.2459
17	18.904
17	19.5222
17	20.1604
17	20.8947
17	21.534
17	22.1798
17	22.8437
17	23.4651
17	24.098
17	24.9242
17	25.5769
17	26.2175
17	26.9168
17	27.3134
17	27.6826
17	28.0803
17	28.4567
17	28.9106
17	29.309
17	29.6793
17	30.0767
17	30.4515
17	30.8404
18	9.18144
18	9.9832
18	10.6207
18	11.3936
18	12.084
18	12.7107
18	13.3691
18	14.0141
18	14.6355
18	15.3204
18	16.1375
18	16.8354
18	17.4624
18	18.1309
18	18.837
18	19.5208
18	20.176
18	20.8544
18	21.4775
18	22.115
18	22.8334
18	23.4966
18	24.1453
18	24.8103
18	25.4353
18	26.1387
18	26.8493
18	27.4818
18	28.1315
18	28.7967
19	9.91691
19	10.652
19	11.3075
19	11.9744
19	12.6
19	13.3808
19	14.0718
19	14.6995
19	15.3554
19	16.0142
19	16.6391
19	17.3485
19	18.0279
19	18.6491
19	19.2885
20	9.37486
20	10.4365
20	11.9297
20	13.1266
20	13.874
20	14.5111
20	15.1969
20	15.8775
20	16.5034
20	17.1487
20	17.8213
20	18.4425
20	19.1127
21	9.44584
21	10.2127
21	10.9014
21	11.5491
21	12.1928
21	12.9534
21	13.6429
22	8.74644
22	9.4783
22	10.1437
22	10.9622
22	11.6151
22	12.2641
22	12.9415
22	13.5691
22	14.2131
22	14.9108
22	15.5467
22	16.1921
22	16.8653
22	17.4944
22	18.144
22	18.8404
22	19.4716
22	20.1933
22	20.9332
22	21.5649
22	22.208
22	23.1607
22	23.9019
22	24.5362
22	25.2742
22	25.9778
22	26.6118
22	27.3874
22	28.0808
22	28.7463
22	29.37
22	30.0168
22	30.6417
22	31.4337
22	32.0892
22	32.7535
22	33.3742
22	34.0144
22	34.6355
22	35.4304
22	36.0865
22	36.7558
22	37.3819
22	38.021
22	38.7424
22	39.4085
22	40.1259
22	40.8056
22	41.4287
22	42.0683
22	42.815
22	43.4572
22	44.1082
22	44.7769
22	45.3983
22	46.036
22	46.768
22	47.4156
22	48.0588
22	48.7298
22	49.3541
22	49.9988
22	50.6232
22	51.7024
22	52.3283
22	52.9722
22	53.5968
22	54.2524
22	54.9073
22	55.5321
22	56.0331
22	56.3931
22	56.7608
22	57.1184
22	57.4604
22	57.825
22	58.1808
22	58.5225
22	58.8875
22	59.242
22	59.5818
22	59.9775
22	60.3354
22	60.7028
22	61.0601
22	61.4004
22	61.7662
22	62.1211
22	62.4622
22	63.0657
22	63.7216
22	64.3319
22	64.953
22	65.5553
22	66.1744
22	66.8045
22	67.406
22	68.0554
22	68.4687
22	68.8458
22	69.2016
22	69.5457
22	69.9099
22	70.2643
22	70.6043
22	70.9742
22	71.3226
22	71.7685
22	72.1389
23	9.58944
23	10.6693
23	11.3694
23	12.0266
23	12.6473
23	13.2967
23	14.038
24	9.47559
24	10.2471
24	10.9251
24	11.5508
24	12.3382
24	13.0305
24	13.6554
24	14.298
24	14.9831
24	15.6133
24	16.4017
24	17.1388
24	17.7706
25	8.97182
25	9.85608
25	10.5318
25	11.1883
25	11.8637
25	12.4922
25	13.1844
25	13.894
25	14.526
25	15.1677
25	15.8322
25	16.4538
25	17.1026
25	17.8062
25	18.6418
25	19.3556
25	20.1312
25	21.0515
25	22.0386
25	22.7326
25	23.3609
25	24.0125
25	24.6402
25	25.3048
25	26.0715
25	26.7607
25	27.3832
25	28.0299
25	28.6562
25	29.3206
25	30.0413
25	30.7268
25	31.3534
25	32.0774
25	32.7664
25	33.3934
25	34.1186
25	34.8037
25	35.4289
25	36.0701
25	36.7382
25	37.3584
25	38.1302
25	38.8163
25	39.4395
25	40.0809
25	40.7472
25	41.3713
25	42.0431
25	42.719
25	43.3402
25	43.985
25	44.606
25	45.2577
25	45.9925
25	46.6842
25	47.3126
25	47.8719
25	48.2322
25	48.573
25	48.9414
25	49.2951
25	49.7096
25	50.1309
25	50.485
25	50.8537
25	51.2111
25	51.553
25	51.9195
25	52.2739
25	52.6468
25	53.0244
25	53.3658
25	53.751
25	54.1133
25	54.4581
25	54.8265
25	55.1822
25	55.5226
25	55.8886
25	56.2434
25	56.5824
25	56.9551
25	57.3081
25	57.7207
25	58.0867
25	58.431
25	58.8003
25	59.1563
25	59.4974
25	59.8624
25	60.2194
25	60.5607
25	60.9264
25	61.2817
25	61.6953
25	62.0552
25	62.4011
25	62.7722
25	63.1259
25	63.4647
25	63.9665
25	64.6265
25	65.2575
25	65.9357
25	66.5609
25	67.2095
25	67.8533
25	68.4754
25	69.111
25	69.7856
25	70.4132
25	71.0528
25	71.7041
25	72.3246
25	72.9652
25	73.7513
25	74.1918
25	74.5463
25	74.9245
25	75.2778
25	75.6432
25	76.0001
25	76.342
25	76.7722
25	77.1459
25	77.4878
25	77.8364
25	78.0615
25	78.27
25	78.4779
25	78.7853
25	79.1551
25	79.5157
25	79.89
25	80.2597
25	80.6361
25	81.0055
25	81.3689
25	81.7623
25	82.1302
25	82.4894
25	82.8625
25	83.2269
25	83.6027
25	83.9703
25	84.3327
25	84.7057
25	85.0743
25	85.4329
25	92.6706
25	92.9071
25	93.1162
25	93.3245
25	93.5315
25	93.7883
25	94.0055
25	94.2132
25	94.4217
25	94.6614
25	94.8805
25	95.0879
25	95.2958
25	95.5023
25	95.7242
25	95.9402
25	96.1501
25	96.3568
25	96.5774
25	96.793
25	96.9999
25	97.2076
25	97.4133
25	97.6594
25	97.8818
25	98.0922
25	98.301
25	98.5093
25	98.7302
25	98.9471
25	99.1571
25	99.3646
25	99.5851
25	99.8003
25	100.007
25	100.214
25	100.422
25	100.644
25	100.86
25	101.068
25	101.275
25	101.482
25	101.759
25	101.984
25	102.193
25	102.401
25	102.624
25	102.839
25	103.048
25	103.257
25	103.464
25	103.684
25	103.899
25	104.107
25	104.314
25	104.532
25	104.749
25	104.958
25	105.164
25	105.371
25	105.602
25	105.821
25	106.029
25	106.236
25	106.443
25	106.664
25	106.879
25	107.087
25	107.296
25	107.503
25	107.734
25	107.91
25	108.08
25	108.251
25	108.425
25	108.608
25	108.781
25	108.946
25	109.113
25	109.283
25	109.442
25	109.657
25	109.828
25	109.988
25	110.147
25	110.307
25	110.465
25	110.655
25	110.821
25	110.981
25	111.141
26	9.16192
26	9.974
26	10.6223
26	11.506
26	12.2092
26	12.8875
26	13.5144
26	14.1502
26	14.7691
26	15.4499
26	16.1138
26	16.7355
26	17.3755
26	18.0482
26	18.6706
26	19.4586
26	20.1498
26	20.7755
26	21.4316
26	22.0769
26	22.6979
26	23.4784
26	24.1651
26	24.7877
26	25.4724
26	26.1134
26	26.7344
26	27.4162
26	28.0828
26	28.7033
27	10.0152
27	10.7886
27	11.4218
27	12.0644
27	12.6885
27	13.499
27	14.1692
28	8.80505
28	9.5363
28	10.178
28	10.9996
28	11.6482
28	12.3101
28	12.9497
28	13.5674
28	14.2066
28	14.9253
28	15.5557
28	16.1933
28	16.8559
28	17.478
28	18.115
28	18.8765
28	19.5135
28	20.1555
28	20.814
28	21.4335
28	22.0691
28	22.8533
28	23.4975
28	24.158
28	24.9224
28	25.5571
28	26.2314
28	27.1788
28	27.8989
28	28.5263
28	29.159
28	29.8207
28	30.4387
28	31.1169
28	31.8
28	32.4279
28	33.0662
28	33.7261
28	34.3458
28	35.1047
28	35.7882
28	36.4095
28	36.9235
28	37.2813
28	37.6516
28	38.005
28	38.3443
28	38.805
28	39.1763
28	39.5223
28	39.8875
28	40.2418
28	40.583
28	40.9521
28	41.2994
28	41.6607
28	42.0152
28	42.3555
28	42.7629
28	43.1279
28	43.4685
28	43.8296
28	44.1869
28	44.5275
28	44.9056
28	45.2619
28	45.6238
28	45.979
28	46.3176
28	46.7463
28	47.1171
28	47.4596
28	47.8236
28	48.1818
28	48.5213
28	48.8827
28	49.2396
28	49.5818
28	49.9509
28	50.2972
28	50.7737
28	51.3769
28	51.9848
28	52.5724
29	9.7732
29	10.5057
29	11.1689
29	11.8348
29	12.4573
29	13.2682
29	13.9752
29	14.6021
29	15.2653
29	15.9186
29	16.5431
29	17.3289
29	18.0099
29	18.666
29	19.2859
29	19.9534
29	20.5741
30	12.1525
30	12.9777
30	13.6195
30	14.2989
30	15.099
30	15.8058
30	16.445
30	17.489
30	18.6184
30	21.5566
30	22.5896
30	23.3812
30	24.0907
30	24.769
30	25.4022
30	26.064
30	26.807
30	27.4619
30	28.2167
30	29.549
30	31.4106
30	32.9511
30	35.1173
30	36.3985
30	39.0093
30	40.5979
30	42.1733
30	43.3739
30	44.4948
30	45.6685
30	47.7655
30	49.4731
30	50.5288
30	51.7927
30	52.9025
30	54.0083
30	55.5
30	56.4545
30	57.2634
30	58.0309
